0.102105 77.601535 134.576426 1.036714 
0.149619 77.204294 166.762674 1.036422 
0.149604 77.207537 166.810732 1.036634 
0.149658 77.208062 166.863763 1.036524 
0.149632 77.206753 166.907787 1.036335 
0.149674 77.207558 166.958247 1.036605 
0.149752 77.217890 167.004233 1.036469 
0.149728 77.207647 167.047715 1.036702 
0.149740 77.213453 167.103666 1.036632 
0.149816 77.208161 167.137981 1.036595 
0.149715 77.196826 167.182587 1.036616 
0.149354 77.208562 167.238263 1.036579 
0.149657 77.207054 167.285612 1.036633 
0.149714 77.210373 167.326738 1.036611 
0.149570 77.207649 167.379801 1.036370 
0.149623 77.217673 167.416567 1.036588 
0.149410 77.218054 167.459456 1.036478 
0.149571 77.206589 167.497465 1.036552 
0.149634 77.220701 167.547059 1.036448 
0.149567 77.218577 167.590064 1.036592 
0.149444 77.225518 167.638864 1.036520 
0.149300 77.216712 167.677442 1.036360 
0.149372 77.214062 167.723869 1.036564 
0.149554 77.220035 167.768864 1.036524 
0.149302 77.221679 167.804225 1.036505 
0.149328 77.219296 167.855811 1.036609 
0.149526 77.215028 167.901766 1.036513 
0.149323 77.232686 167.939053 1.036454 
0.149442 77.219143 167.986703 1.036768 
0.149258 77.213339 168.026045 1.036427 
0.149485 77.216963 168.056186 1.036554 
0.149231 77.214397 168.110985 1.036611 
0.149166 77.208895 168.153710 1.036538 
0.149296 77.216466 168.196463 1.036238 
0.149087 77.212452 168.232683 1.036484 
0.149233 77.206136 168.272851 1.036485 
0.149230 77.221230 168.317456 1.036565 
0.149129 77.215522 168.350467 1.036610 
0.149162 77.219293 168.392297 1.036531 
0.149016 77.213155 168.429818 1.036635 
0.148969 77.216692 168.464281 1.036451 
0.149158 77.220623 168.512375 1.036720 
0.149191 77.210481 168.556284 1.036604 
0.149056 77.210443 168.586717 1.036504 
0.149139 77.212268 168.625991 1.036481 
0.149162 77.215890 168.678968 1.036513 
0.149336 77.228657 168.713252 1.036601 
0.149397 77.224334 168.760367 1.036686 
0.149381 77.224407 168.788928 1.036464 
0.149499 77.227179 168.822811 1.036456 
0.149652 77.219183 168.854572 1.036410 
0.149531 77.224827 168.899566 1.036644 
0.150021 77.229976 168.928248 1.036638 
0.149899 77.220372 168.968704 1.036573 
0.150150 77.225992 168.999451 1.036510 
0.150055 77.226107 169.038728 1.036518 
0.149976 77.226634 169.064296 1.036599 
0.150098 77.225565 169.097059 1.036563 
0.150206 77.227533 169.141033 1.036409 
0.150317 77.239160 169.165456 1.036295 
0.150045 77.224838 169.196845 1.036563 
0.150308 77.230909 169.225520 1.036463 
0.150369 77.225546 169.261794 1.036497 
0.150414 77.226838 169.285844 1.036510 
0.150501 77.226812 169.318410 1.036361 
0.150286 77.217988 169.362820 1.036489 
0.150302 77.219377 169.393784 1.036397 
0.150578 77.221180 169.416453 1.036478 
0.150422 77.223518 169.452266 1.036632 
0.150504 77.221037 169.479489 1.036646 
0.150269 77.214866 169.507479 1.036529 
0.150606 77.209056 169.529310 1.036673 
0.150528 77.200196 169.564904 1.036546 
0.150274 77.202432 169.592876 1.036478 
0.150654 77.203526 169.630781 1.036585 
0.150666 77.205521 169.659343 1.036530 
0.150324 77.185814 169.687002 1.036623 
0.150490 77.190482 169.717701 1.036568 
0.150474 77.190180 169.749695 1.036663 
0.150437 77.191640 169.783786 1.036468 
0.150444 77.183671 169.800108 1.036586 
0.150649 77.188666 169.835880 1.036627 
0.150573 77.190934 169.869758 1.036717 
0.150363 77.194967 169.892228 1.036685 
0.150634 77.192142 169.923328 1.036669 
0.150532 77.178708 169.960832 1.036689 
0.150468 77.182505 169.976483 1.036544 
0.150630 77.185415 170.001612 1.036627 
0.150593 77.188716 170.037039 1.036713 
0.150758 77.196694 170.074297 1.036737 
0.150635 77.199009 170.098463 1.036680 
0.150555 77.199605 170.133806 1.036712 
0.150775 77.200956 170.160301 1.036486 
0.150860 77.198832 170.186072 1.036665 
0.150678 77.191794 170.212962 1.036452 
0.150638 77.174922 170.233823 1.036619 
0.151024 77.187453 170.259682 1.036385 
0.150925 77.187757 170.294297 1.036473 
0.150617 77.188053 170.318221 1.036689 
0.150734 77.191912 170.348731 1.036402 
0.150905 77.187931 170.374293 1.036511 
0.150667 77.195216 170.417921 1.036478 
0.150928 77.193307 170.438556 1.036686 
0.150694 77.185367 170.469562 1.036641 
0.150666 77.181805 170.510694 1.036593 
0.150875 77.187989 170.533468 1.036676 
0.150723 77.181365 170.558262 1.036606 
0.150528 77.188496 170.590193 1.036741 
0.150966 77.175943 170.608464 1.036535 
0.150673 77.181035 170.635946 1.036582 
0.150692 77.180929 170.653983 1.036561 
0.150864 77.179508 170.684275 1.036427 
0.150643 77.177755 170.712196 1.036574 
0.150546 77.165356 170.731386 1.036554 
0.150601 77.167586 170.760645 1.036401 
0.150589 77.165267 170.783961 1.036441 
0.150599 77.171697 170.821588 1.036533 
0.150614 77.158287 170.831508 1.036471 
0.150499 77.150440 170.851241 1.036498 
0.150612 77.150431 170.870278 1.036588 
0.150724 77.149156 170.900958 1.036583 
0.150995 77.151766 170.921532 1.036577 
0.150332 77.153612 170.937759 1.036511 
0.150683 77.149161 170.956846 1.036532 
0.150667 77.152074 170.970331 1.036527 
0.150681 77.154954 171.003648 1.036486 
0.150375 77.168112 171.032561 1.036517 
0.150498 77.168372 171.048764 1.036512 
0.150641 77.169963 171.077256 1.036367 
0.150589 77.176195 171.091308 1.036457 
0.150613 77.168221 171.116624 1.036546 
0.150416 77.169575 171.134750 1.036418 
0.150559 77.159247 171.149179 1.036356 
0.150462 77.160413 171.169102 1.036455 
0.150448 77.168912 171.179452 1.036516 
0.150323 77.172752 171.206686 1.036477 
0.150388 77.170180 171.224133 1.036489 
0.150294 77.171245 171.247797 1.036438 
0.150372 77.166206 171.271158 1.036478 
0.150295 77.170284 171.297102 1.036440 
0.150312 77.161593 171.306680 1.036477 
0.150263 77.164649 171.325061 1.036632 
0.150057 77.156039 171.343789 1.036391 
0.150208 77.151808 171.366379 1.036411 
0.150147 77.149201 171.392675 1.036648 
0.150049 77.151146 171.416141 1.036533 
0.150143 77.137543 171.431917 1.036648 
0.149968 77.142694 171.455602 1.036660 
0.149873 77.136388 171.470112 1.036584 
0.150023 77.137657 171.490177 1.036523 
0.149975 77.131307 171.507917 1.036618 
0.149833 77.136561 171.540036 1.036433 
0.149732 77.144918 171.555181 1.036401 
0.149821 77.142699 171.580161 1.036572 
0.149773 77.143992 171.603766 1.036369 
0.149864 77.145361 171.618507 1.036353 
0.149747 77.141997 171.637578 1.036507 
0.149508 77.138504 171.660584 1.036405 
0.149665 77.130393 171.690017 1.036594 
0.149724 77.126523 171.691449 1.036437 
0.149761 77.131438 171.721187 1.036582 
0.149460 77.123797 171.741686 1.036582 
0.149459 77.118455 171.756628 1.036622 
0.149379 77.130336 171.783224 1.036488 
0.149334 77.123960 171.803500 1.036377 
0.149222 77.127467 171.825585 1.036442 
0.149149 77.121195 171.850458 1.036599 
0.149401 77.135910 171.872484 1.036681 
0.149123 77.123800 171.889056 1.036552 
0.149109 77.129825 171.904683 1.036659 
0.149263 77.125929 171.924343 1.036653 
0.149173 77.134440 171.965350 1.036447 
0.149228 77.131524 171.984519 1.036521 
0.149104 77.136740 172.016947 1.036466 
0.148912 77.126386 172.034446 1.036509 
0.149039 77.122058 172.045019 1.036646 
0.149080 77.123825 172.074151 1.036619 
0.149086 77.124839 172.091732 1.036614 
0.149190 77.122546 172.107897 1.036608 
0.148905 77.119038 172.127090 1.036666 
0.148919 77.118306 172.140587 1.036599 
0.148977 77.121667 172.162667 1.036588 
0.148969 77.116333 172.178546 1.036714 
0.148883 77.113550 172.197488 1.036482 
0.148788 77.108046 172.219704 1.036400 
0.148863 77.105992 172.236693 1.036684 
0.148891 77.110920 172.258239 1.036555 
0.148728 77.112958 172.287171 1.036421 
0.148732 77.105909 172.302024 1.036490 
0.148625 77.100068 172.310282 1.036715 
0.148598 77.098312 172.336265 1.036680 
0.148559 77.111372 172.343855 1.036456 
0.148591 77.097888 172.353136 1.036505 
0.148639 77.104088 172.372607 1.036627 
0.148597 77.100442 172.392041 1.036580 
0.148292 77.104066 172.408475 1.036562 
0.148532 77.100739 172.408321 1.036566 
0.148644 77.110781 172.429161 1.036690 
0.148667 77.108359 172.444750 1.036625 
0.148260 77.103781 172.455458 1.036567 
