0.101221 77.742257 135.584333 1.036644 
0.101248 77.742709 135.575736 1.036787 
0.101258 77.729474 135.559593 1.036667 
0.101178 77.740368 135.557040 1.036631 
0.100990 77.741245 135.549538 1.036814 
0.101243 77.739118 135.540263 1.036878 
0.101018 77.723754 135.517040 1.036732 
0.101121 77.744644 135.512693 1.036489 
0.101324 77.732843 135.501848 1.036690 
0.101290 77.733363 135.492071 1.036480 
0.101218 77.744359 135.481739 1.036296 
0.101085 77.748633 135.474798 1.036624 
0.101153 77.743863 135.464086 1.036668 
0.101254 77.741933 135.461804 1.036663 
0.101283 77.742998 135.456972 1.036915 
0.101227 77.747613 135.438514 1.036625 
0.101448 77.739860 135.436683 1.036725 
0.101418 77.755016 135.429265 1.036724 
0.101061 77.759872 135.432196 1.036726 
0.101279 77.770281 135.427329 1.036666 
0.101390 77.770562 135.417939 1.036638 
0.101290 77.766785 135.412722 1.036821 
0.101458 77.772953 135.407521 1.036839 
0.101625 77.770959 135.406608 1.036835 
0.101306 77.768838 135.388291 1.036636 
0.101777 77.775253 135.391528 1.036784 
0.101672 77.781264 135.384846 1.036687 
0.101747 77.773447 135.384754 1.036583 
0.101677 77.777529 135.375306 1.036678 
0.101790 77.783042 135.375292 1.036784 
0.101758 77.782222 135.362637 1.036580 
0.101843 77.773538 135.357151 1.036575 
0.101664 77.773722 135.351463 1.036689 
0.101839 77.766917 135.346329 1.036755 
0.101979 77.765828 135.339023 1.036659 
0.102178 77.765771 135.333366 1.036862 
0.101922 77.763911 135.336881 1.036991 
0.102264 77.753260 135.323879 1.036871 
0.102090 77.750092 135.317774 1.036648 
0.102065 77.739061 135.311101 1.036669 
0.102169 77.746987 135.306276 1.036627 
0.101992 77.748233 135.300719 1.036607 
0.102219 77.737087 135.297778 1.036522 
0.102236 77.734315 135.290422 1.036508 
0.101961 77.732091 135.289209 1.036864 
0.102157 77.725365 135.272751 1.036604 
0.102195 77.723016 135.280863 1.036604 
0.102243 77.733351 135.288616 1.036597 
0.102421 77.734100 135.270663 1.036669 
0.102000 77.727553 135.271502 1.036555 
0.101802 77.728231 135.269654 1.036652 
0.101948 77.725491 135.265408 1.036446 
0.101865 77.720005 135.273678 1.036439 
0.101817 77.712631 135.264993 1.036641 
0.101765 77.715288 135.261753 1.036661 
0.101797 77.715721 135.253258 1.036656 
0.101501 77.713858 135.252571 1.036733 
0.101571 77.699459 135.252290 1.036499 
0.101567 77.711821 135.254008 1.036631 
0.101348 77.709967 135.250015 1.036681 
0.101305 77.716517 135.245715 1.036751 
0.101498 77.696072 135.239735 1.036663 
0.101442 77.703349 135.239723 1.036678 
0.101503 77.706617 135.237759 1.036693 
0.101483 77.705044 135.216999 1.036702 
0.101382 77.712317 135.224225 1.036717 
0.101202 77.717879 135.226907 1.036724 
0.101157 77.713608 135.219343 1.036659 
0.101486 77.719420 135.210020 1.036655 
0.101307 77.720626 135.210856 1.036743 
0.101198 77.715343 135.210885 1.036708 
0.101435 77.722784 135.202950 1.036809 
0.101541 77.729396 135.199649 1.036424 
0.101410 77.729482 135.196956 1.036595 
0.101482 77.728356 135.185012 1.036589 
0.101455 77.717763 135.176449 1.036613 
0.101393 77.732962 135.168083 1.036621 
0.101268 77.720165 135.161247 1.036398 
0.101533 77.718886 135.150457 1.036642 
0.101473 77.732087 135.148624 1.036525 
0.101465 77.726821 135.133966 1.036699 
0.101703 77.732300 135.134330 1.036688 
0.101421 77.730005 135.120661 1.036570 
0.101614 77.728514 135.116600 1.036642 
0.101577 77.727908 135.105992 1.036615 
0.101717 77.720908 135.098717 1.036608 
0.101424 77.721889 135.092214 1.036661 
0.101498 77.722872 135.088298 1.036715 
0.101495 77.734704 135.073426 1.036797 
0.101774 77.727287 135.067830 1.036787 
0.101426 77.733881 135.068820 1.036778 
0.101434 77.724465 135.058018 1.036601 
0.101665 77.728792 135.053958 1.036666 
0.101439 77.729786 135.045548 1.036753 
0.101203 77.732720 135.048489 1.036785 
0.101338 77.725180 135.042148 1.036633 
0.101633 77.725947 135.036263 1.036567 
0.101474 77.726551 135.024116 1.036494 
0.101426 77.728285 135.031739 1.036690 
0.100985 77.716451 135.016195 1.036600 
0.101360 77.715146 135.017873 1.036476 
0.101356 77.719856 135.012439 1.036675 
0.101473 77.722233 135.003174 1.036425 
0.101467 77.718377 134.998577 1.036439 
0.101390 77.713671 134.994938 1.036312 
0.101177 77.712193 134.984865 1.036745 
0.101072 77.709214 134.968822 1.036714 
0.101303 77.712584 134.966404 1.036682 
0.101172 77.707969 134.959731 1.036594 
0.101296 77.712555 134.945625 1.036629 
0.101080 77.711678 134.937425 1.036705 
0.101241 77.704492 134.924689 1.036728 
0.101039 77.706019 134.904242 1.036771 
0.101306 77.707751 134.901715 1.036752 
0.100972 77.702862 134.893734 1.036775 
0.101228 77.700041 134.882629 1.036531 
0.101088 77.695548 134.869371 1.036662 
0.100993 77.697006 134.860679 1.036674 
0.101053 77.694423 134.843475 1.036584 
0.101003 77.691920 134.830800 1.036699 
0.101072 77.699556 134.829134 1.036553 
0.100987 77.699526 134.816034 1.036581 
0.101031 77.697059 134.805671 1.036641 
0.101220 77.694320 134.791805 1.036692 
0.100853 77.692683 134.776759 1.036770 
0.100968 77.695716 134.768774 1.036948 
0.100962 77.697277 134.765487 1.036567 
0.100979 77.694441 134.743627 1.036519 
0.100941 77.697704 134.746865 1.036862 
0.100799 77.696031 134.738651 1.036371 
0.100913 77.693531 134.726879 1.036587 
0.101012 77.692649 134.718759 1.036756 
0.100848 77.690026 134.715901 1.036456 
0.100754 77.693828 134.704773 1.036486 
0.100896 77.684994 134.702907 1.036400 
0.100872 77.679948 134.687409 1.036508 
0.101024 77.681962 134.681577 1.036617 
0.101048 77.683597 134.678302 1.036656 
0.100940 77.674401 134.662476 1.036704 
0.100882 77.691039 134.655565 1.036652 
0.100907 77.687152 134.649774 1.036536 
0.100937 77.680864 134.646809 1.036766 
0.101081 77.684182 134.639191 1.036873 
0.101047 77.680124 134.629723 1.036713 
0.101019 77.687883 134.622318 1.036621 
0.101023 77.689615 134.622593 1.036729 
0.101130 77.692645 134.613831 1.036751 
0.101181 77.690639 134.609876 1.036909 
0.101146 77.686645 134.594571 1.036840 
0.101390 77.691386 134.589668 1.036751 
0.101416 77.684934 134.578428 1.036817 
0.101470 77.684393 134.562888 1.036658 
0.101477 77.682572 134.562167 1.036709 
0.101462 77.689479 134.553963 1.036587 
0.101541 77.688738 134.548924 1.036666 
0.101682 77.688736 134.544845 1.036628 
0.101547 77.690417 134.535693 1.036774 
0.101665 77.689572 134.536403 1.036716 
0.101938 77.682641 134.531610 1.036888 
0.101817 77.681202 134.522736 1.036795 
0.101768 77.692637 134.528036 1.036756 
0.102112 77.688552 134.518130 1.036796 
0.101925 77.686006 134.520335 1.036738 
0.101943 77.689275 134.514228 1.036657 
0.101937 77.676563 134.509778 1.036770 
0.102156 77.668938 134.523938 1.036799 
0.102038 77.662731 134.513210 1.036656 
0.102255 77.670438 134.518032 1.036741 
0.102109 77.662455 134.521442 1.036742 
0.102243 77.656657 134.527215 1.036645 
0.102107 77.649065 134.525499 1.036795 
0.102124 77.641426 134.534561 1.036850 
0.102120 77.644923 134.529771 1.036632 
0.102079 77.644553 134.538927 1.036681 
0.102205 77.641841 134.543731 1.036613 
0.102309 77.632888 134.543244 1.036772 
0.102216 77.621505 134.534254 1.036813 
0.102254 77.618059 134.537956 1.036768 
0.102176 77.622438 134.540561 1.036777 
0.102164 77.617940 134.538418 1.036858 
0.102201 77.630120 134.537406 1.036539 
0.102256 77.624722 134.538958 1.036652 
0.102257 77.618273 134.541294 1.036726 
0.102145 77.624551 134.536307 1.036687 
0.102023 77.617023 134.542202 1.036580 
0.102178 77.618891 134.534011 1.036657 
0.102071 77.607794 134.535322 1.036661 
0.102052 77.611644 134.531807 1.036655 
0.102142 77.609323 134.524174 1.036673 
0.101754 77.617156 134.536590 1.036426 
0.101939 77.622698 134.551065 1.036671 
0.102143 77.613152 134.547922 1.036584 
0.102035 77.618220 134.548556 1.036687 
0.101942 77.607179 134.550374 1.036507 
0.101860 77.609875 134.555854 1.036837 
0.101937 77.614267 134.554827 1.036701 
0.101889 77.610726 134.559553 1.036719 
0.102138 77.614579 134.566254 1.036644 
0.102227 77.610813 134.569065 1.036659 
0.102212 77.607848 134.569876 1.036796 
