0.148514 77.099829 172.463420 1.036583 
0.194148 76.944761 215.843157 1.036399 
0.194088 76.942624 215.868425 1.036563 
0.194210 76.936412 215.889159 1.036374 
0.194008 76.944852 215.901915 1.036501 
0.194259 76.947076 215.914511 1.036490 
0.194083 76.934240 215.940510 1.036505 
0.194039 76.937815 215.958520 1.036466 
0.193961 76.938017 215.980381 1.036687 
0.194050 76.926543 215.996613 1.036786 
0.193754 76.920078 216.018385 1.036603 
0.193621 76.920089 216.040594 1.036662 
0.193972 76.920588 216.065457 1.036633 
0.193840 76.922583 216.086620 1.036642 
0.193745 76.909407 216.096870 1.036594 
0.193749 76.909335 216.120954 1.036670 
0.193782 76.914379 216.136756 1.036525 
0.193512 76.911423 216.153609 1.036445 
0.193675 76.904923 216.171586 1.036537 
0.193611 76.908328 216.193243 1.036473 
0.193412 76.908303 216.209130 1.036523 
0.193605 76.904209 216.223345 1.036651 
0.193556 76.908736 216.239108 1.036704 
0.193526 76.917276 216.269002 1.036681 
0.193610 76.914395 216.278396 1.036567 
0.193460 76.911485 216.292596 1.036752 
0.193633 76.917854 216.317667 1.036688 
0.193615 76.913359 216.325484 1.036529 
0.193442 76.911404 216.344298 1.036635 
0.193422 76.909723 216.357562 1.036806 
0.193483 76.899461 216.374891 1.036670 
0.193529 76.909579 216.390286 1.036599 
0.193505 76.908231 216.403275 1.036695 
0.193411 76.899823 216.418960 1.036838 
0.193556 76.900370 216.426803 1.036628 
0.193606 76.906438 216.446497 1.036589 
0.193506 76.900085 216.464332 1.036593 
0.193516 76.906515 216.481368 1.036762 
0.193221 76.900699 216.491423 1.036700 
0.193476 76.900510 216.508383 1.036527 
0.193470 76.915402 216.527732 1.036755 
0.193618 76.909071 216.539849 1.036418 
0.193363 76.910735 216.558955 1.036534 
0.193201 76.904073 216.575124 1.036552 
0.193467 76.906140 216.588511 1.036593 
0.193405 76.912910 216.608508 1.036450 
0.193146 76.909002 216.632676 1.036526 
0.193254 76.908470 216.656647 1.036407 
0.193255 76.905885 216.670381 1.036568 
0.193256 76.910877 216.685982 1.036545 
0.193110 76.914824 216.704204 1.036720 
0.193231 76.909029 216.716547 1.036600 
0.193272 76.922352 216.741536 1.036661 
0.193303 76.912432 216.750624 1.036707 
0.193390 76.909740 216.768810 1.036652 
0.193199 76.916041 216.792378 1.036622 
0.193346 76.918616 216.793321 1.036630 
0.193280 76.914091 216.808832 1.036512 
0.193325 76.914468 216.823111 1.036667 
0.193164 76.923244 216.839704 1.036732 
0.193435 76.922314 216.854995 1.036734 
0.193278 76.915278 216.864115 1.036690 
0.193145 76.915376 216.874577 1.036620 
0.193424 76.909177 216.886139 1.036399 
0.193563 76.923312 216.906605 1.036573 
0.193307 76.923829 216.922982 1.036609 
0.193461 76.922241 216.930924 1.036675 
0.193261 76.921882 216.947384 1.036534 
0.193510 76.923616 216.966325 1.036785 
0.193303 76.929037 216.975937 1.036658 
0.193320 76.932098 216.990141 1.036592 
0.193272 76.929931 216.986894 1.036562 
0.193167 76.929510 217.012678 1.036683 
0.193336 76.929418 217.015910 1.036835 
0.193245 76.935271 217.031082 1.036563 
0.193078 76.923648 217.034136 1.036560 
0.193003 76.937382 217.041242 1.036726 
0.192970 76.932922 217.061166 1.036557 
0.193128 76.935069 217.073515 1.036598 
0.193102 76.934710 217.088749 1.036649 
0.192955 76.934754 217.112301 1.036629 
0.193110 76.935003 217.112295 1.036739 
0.192919 76.930871 217.128201 1.036666 
0.193250 76.927610 217.144676 1.036607 
0.193034 76.930835 217.155593 1.036607 
0.192981 76.938461 217.173971 1.036449 
0.193310 76.934312 217.191828 1.036386 
0.193246 76.940883 217.197355 1.036580 
0.193282 76.943018 217.211593 1.036441 
0.193534 76.943389 217.227587 1.036357 
0.193233 76.939932 217.249462 1.036358 
0.193476 76.932471 217.253424 1.036608 
0.193441 76.936401 217.266281 1.036582 
0.193473 76.939279 217.278946 1.036773 
0.193494 76.944932 217.278752 1.036699 
0.193638 76.949632 217.297166 1.036685 
0.193429 76.942604 217.307933 1.036591 
0.193656 76.949851 217.326827 1.036497 
0.193498 76.959135 217.336498 1.036496 
0.193722 76.958171 217.352398 1.036451 
0.193607 76.957844 217.356961 1.036457 
0.193709 76.965069 217.363924 1.036485 
0.193617 76.961153 217.380143 1.036575 
0.193475 76.958113 217.397190 1.036420 
0.193721 76.950807 217.390979 1.036667 
0.193640 76.952446 217.403565 1.036639 
0.193848 76.958175 217.411855 1.036608 
0.193563 76.955006 217.415222 1.036646 
0.193739 76.958292 217.416903 1.036459 
0.193781 76.950648 217.423777 1.036638 
0.193682 76.955333 217.432461 1.036617 
0.193629 76.952031 217.437524 1.036608 
0.193796 76.950827 217.437448 1.036700 
0.194004 76.963977 217.455864 1.036795 
0.193899 76.966624 217.465030 1.036822 
0.193762 76.957285 217.473618 1.036698 
0.194033 76.964465 217.486394 1.036641 
0.193835 76.961221 217.489223 1.036544 
0.194064 76.963968 217.505894 1.036627 
0.194091 76.965880 217.508635 1.036489 
0.194035 76.966843 217.519358 1.036467 
0.193965 76.965558 217.524558 1.036563 
0.193958 76.958145 217.528942 1.036540 
0.194048 76.963138 217.540338 1.036513 
0.194153 76.963262 217.546403 1.036591 
0.193972 76.979764 217.564541 1.036655 
0.193980 76.974703 217.575763 1.036705 
0.194220 76.968046 217.581861 1.036457 
0.194345 76.974183 217.584697 1.036519 
0.194283 76.971797 217.601642 1.036631 
0.194109 76.970795 217.606928 1.036514 
0.194214 76.981293 217.621278 1.036540 
0.194268 76.977788 217.615230 1.036497 
0.194249 76.975823 217.628055 1.036576 
0.194527 76.976273 217.640348 1.036851 
0.194349 76.984586 217.652248 1.036792 
0.194603 76.982296 217.652335 1.036687 
0.194568 76.989157 217.678213 1.036635 
0.194481 76.989209 217.675333 1.036600 
0.194710 76.999429 217.690139 1.036574 
0.194691 76.995266 217.685955 1.036631 
0.194679 76.989610 217.695275 1.036728 
0.194350 76.994816 217.699190 1.036476 
0.194594 77.001821 217.705378 1.036800 
0.194537 77.008574 217.714973 1.036782 
0.194675 77.007134 217.712759 1.036708 
0.194666 77.010701 217.729600 1.036506 
0.194671 77.012204 217.735631 1.036622 
0.194600 77.009784 217.739351 1.036515 
0.194701 77.001201 217.745361 1.036630 
0.194394 77.009918 217.754543 1.036486 
0.194532 77.010318 217.770071 1.036428 
0.194564 77.015321 217.769599 1.036686 
0.194293 77.023534 217.796493 1.036545 
0.194693 77.017224 217.814862 1.036641 
0.194577 77.023363 217.810647 1.036467 
0.194756 77.022837 217.826990 1.036533 
0.194555 77.020371 217.847078 1.036503 
0.194839 77.024827 217.846388 1.036644 
0.194651 77.022548 217.863514 1.036623 
0.194570 77.015262 217.865795 1.036547 
0.194407 77.023135 217.875376 1.036643 
0.194431 77.023553 217.878282 1.036668 
0.194620 77.021532 217.883540 1.036482 
0.194354 77.025151 217.891729 1.036452 
0.194545 77.031543 217.889924 1.036481 
0.194305 77.026071 217.873969 1.036712 
0.194271 77.033222 217.885926 1.036655 
0.194110 77.022511 217.876852 1.036574 
0.194367 77.041442 217.885558 1.036491 
0.194406 77.036695 217.885291 1.036671 
0.193909 77.034929 217.877788 1.036520 
0.194290 77.031234 217.880627 1.036536 
0.194058 77.038897 217.892425 1.036387 
0.194048 77.040157 217.899728 1.036598 
0.194178 77.038813 217.894235 1.036794 
0.194043 77.039963 217.895427 1.036659 
0.193944 77.036677 217.898539 1.036642 
0.193861 77.029946 217.901589 1.036704 
0.193886 77.037176 217.897465 1.036642 
0.193772 77.049266 217.901888 1.036698 
0.193490 77.046626 217.905885 1.036671 
0.193648 77.039787 217.898999 1.036648 
0.193595 77.049003 217.907293 1.036537 
0.193560 77.054312 217.911954 1.036818 
0.193510 77.060564 217.913231 1.036468 
0.193636 77.053311 217.905691 1.036411 
0.193527 77.048178 217.920903 1.036367 
0.193429 77.055476 217.917197 1.036532 
0.193430 77.062986 217.931409 1.036639 
0.193341 77.066279 217.931379 1.036615 
0.193317 77.069782 217.943866 1.036790 
0.193274 77.071191 217.950407 1.036638 
0.193247 77.064564 217.957617 1.036708 
0.193344 77.077720 217.962653 1.036610 
0.193111 77.075264 217.971385 1.036689 
0.193346 77.068257 217.972215 1.036533 
0.193212 77.080176 217.983291 1.036751 
0.193307 77.075865 217.983990 1.036571 
0.193270 77.082030 218.002385 1.036717 
