0.101415 77.229090 140.036470 1.036628 
0.147152 77.096278 159.656185 1.036734 
0.146915 77.094417 159.730935 1.036602 
0.146904 77.095048 159.800371 1.036506 
0.146969 77.094178 159.869367 1.036608 
0.147109 77.095340 159.933506 1.036652 
0.147144 77.089559 160.005008 1.036706 
0.146837 77.095851 160.072315 1.036614 
0.147000 77.098381 160.137153 1.036610 
0.146901 77.095938 160.207561 1.036654 
0.146923 77.095029 160.279121 1.036704 
0.146895 77.085985 160.353234 1.036693 
0.146908 77.080639 160.418989 1.036609 
0.146853 77.067455 160.477193 1.036813 
0.146688 77.076310 160.551667 1.036654 
0.147014 77.084484 160.615377 1.036704 
0.146428 77.081416 160.688514 1.036705 
0.146846 77.083374 160.760487 1.036815 
0.146852 77.078549 160.832286 1.036694 
0.146684 77.077642 160.888148 1.036796 
0.146644 77.075101 160.958473 1.036748 
0.146553 77.077311 161.024980 1.036780 
0.146536 77.067675 161.082182 1.036696 
0.146521 77.067011 161.159927 1.036773 
0.146708 77.069033 161.221620 1.036657 
0.146623 77.063448 161.278339 1.036700 
0.146594 77.069848 161.336061 1.036707 
0.146420 77.065711 161.395908 1.036722 
0.146188 77.059379 161.453202 1.036725 
0.146605 77.061943 161.515755 1.036827 
0.146592 77.057121 161.564859 1.036743 
0.146422 77.061416 161.627674 1.036706 
0.146501 77.060624 161.683423 1.036796 
0.146508 77.065484 161.739852 1.036631 
0.146656 77.063269 161.802605 1.036832 
0.146688 77.063404 161.849693 1.036807 
0.146649 77.062809 161.908659 1.036805 
0.146758 77.059687 161.959615 1.036889 
0.146592 77.062771 162.012182 1.036865 
0.146930 77.058999 162.071595 1.036883 
0.146760 77.049552 162.126281 1.036585 
0.146871 77.054310 162.179129 1.036675 
0.146760 77.049129 162.237842 1.036841 
0.146949 77.057413 162.295139 1.036711 
0.146776 77.050889 162.348700 1.036734 
0.147095 77.046228 162.400892 1.036743 
0.147063 77.046160 162.452212 1.036749 
0.147063 77.042606 162.513368 1.037108 
0.147166 77.041948 162.569019 1.036853 
0.147499 77.029816 162.614521 1.036744 
0.147434 77.043035 162.682264 1.036559 
0.147454 77.047681 162.725660 1.036599 
0.147248 77.035421 162.779053 1.036599 
0.147250 77.033604 162.832358 1.036695 
0.147537 77.025660 162.876807 1.036700 
0.147169 77.017868 162.934602 1.036839 
0.147588 77.019325 162.987317 1.036758 
0.147695 77.017078 163.031946 1.036686 
0.147512 77.018429 163.089608 1.036693 
0.147700 77.014346 163.144802 1.036753 
0.147576 77.008182 163.184694 1.036805 
0.147583 77.006501 163.236216 1.036580 
0.147612 77.006079 163.280890 1.036858 
0.147682 77.004519 163.326495 1.036704 
0.147887 76.995460 163.369942 1.036640 
0.147794 77.006052 163.419676 1.036650 
0.147954 76.998894 163.461376 1.036564 
0.148105 77.007481 163.515551 1.036561 
0.148117 77.016244 163.567335 1.036766 
0.148602 77.007677 163.613409 1.036653 
0.148400 77.009572 163.653750 1.036699 
0.148638 77.015029 163.713440 1.036761 
0.148730 77.021340 163.758441 1.036756 
0.148623 77.022344 163.803926 1.036702 
0.148806 77.014604 163.857843 1.036761 
0.149025 77.027783 163.896180 1.036744 
0.149082 77.027204 163.954221 1.036540 
0.149204 77.013810 163.992032 1.036781 
0.149232 77.019321 164.044688 1.036819 
0.149417 77.028257 164.090460 1.036642 
0.149322 77.021672 164.134485 1.036380 
0.149343 77.024944 164.186815 1.036513 
0.149495 77.025460 164.230806 1.036602 
0.149310 77.031415 164.271616 1.036674 
0.149487 77.030762 164.324747 1.036667 
0.149644 77.032292 164.366940 1.036666 
0.149457 77.033422 164.418623 1.036645 
0.149698 77.037880 164.466276 1.036533 
0.149697 77.030909 164.503304 1.036590 
0.149498 77.030082 164.543322 1.036725 
0.149372 77.029033 164.584037 1.036733 
0.149313 77.038301 164.628847 1.036751 
0.149316 77.035357 164.661621 1.036655 
0.149385 77.050227 164.716463 1.036812 
0.149372 77.048631 164.755470 1.036551 
0.149148 77.042639 164.789209 1.036621 
0.149458 77.056834 164.838281 1.036668 
0.149073 77.040074 164.864774 1.036484 
0.149227 77.050693 164.906303 1.036546 
0.149219 77.044415 164.943375 1.036868 
0.149025 77.044548 164.984666 1.036718 
0.148753 77.042269 165.023792 1.036733 
0.149015 77.040439 165.060263 1.036791 
0.148962 77.040712 165.103185 1.036671 
0.148587 77.028553 165.127952 1.036615 
0.148864 77.036889 165.172535 1.036497 
0.148586 77.043911 165.208660 1.036867 
0.148567 77.035927 165.249566 1.036750 
0.148545 77.043735 165.291778 1.036615 
0.148589 77.034602 165.332948 1.036629 
0.148431 77.038699 165.375138 1.036659 
0.148255 77.032710 165.410769 1.036593 
0.148386 77.034277 165.452458 1.036767 
0.148530 77.037298 165.494943 1.036734 
0.148041 77.032103 165.542869 1.036706 
0.148436 77.029293 165.578619 1.036772 
0.148103 77.026860 165.620163 1.036584 
0.147899 77.022237 165.656986 1.036745 
0.147969 77.024401 165.695698 1.036596 
0.147860 77.023260 165.731463 1.036816 
0.148020 77.024797 165.767919 1.036803 
0.147734 77.022880 165.809608 1.036739 
0.147904 77.027663 165.842692 1.036758 
0.147521 77.017754 165.881627 1.036769 
0.147759 77.020816 165.913990 1.036751 
0.147582 77.026871 165.941286 1.036598 
0.147629 77.017856 165.982587 1.036594 
0.147632 77.020182 166.002926 1.036598 
0.147132 77.014575 166.042028 1.036735 
0.147548 77.012793 166.069205 1.036774 
0.147260 77.025080 166.113141 1.036736 
0.147365 77.026418 166.140031 1.036822 
0.147300 77.024385 166.172765 1.036722 
0.147348 77.015172 166.197781 1.036702 
0.147358 77.023736 166.240131 1.036587 
0.147144 77.022751 166.261498 1.036828 
0.147304 77.014725 166.297834 1.036602 
0.147111 77.019196 166.324276 1.036799 
0.147110 77.027311 166.368783 1.036793 
0.147146 77.023797 166.397763 1.036594 
0.147295 77.024720 166.434339 1.036854 
0.147114 77.026582 166.468569 1.036711 
0.146914 77.027488 166.499065 1.036819 
0.147043 77.024891 166.530400 1.036705 
0.147221 77.024013 166.558006 1.036630 
0.147124 77.021037 166.589403 1.036797 
0.147430 77.022237 166.615934 1.036514 
0.147125 77.025191 166.651964 1.036674 
0.147091 77.037206 166.680770 1.036790 
0.147096 77.034441 166.706258 1.036901 
0.146727 77.029267 166.740836 1.036885 
0.147092 77.029558 166.772058 1.036934 
0.147230 77.033839 166.798840 1.036927 
0.147054 77.030814 166.837939 1.037165 
0.147064 77.026213 166.861030 1.036881 
0.146799 77.027771 166.888490 1.036851 
0.146974 77.035748 166.919017 1.036845 
0.146815 77.028473 166.947200 1.036865 
0.147085 77.031719 166.972658 1.036892 
0.146713 77.029140 167.001553 1.036901 
0.146923 77.026789 167.021425 1.036861 
0.146871 77.032613 167.056756 1.036991 
0.146871 77.031876 167.091550 1.036972 
0.146964 77.027433 167.112839 1.037054 
0.146724 77.033842 167.140133 1.036965 
0.147019 77.037637 167.164941 1.036950 
0.146846 77.038071 167.189555 1.036823 
0.146666 77.037191 167.224724 1.036979 
0.146886 77.032900 167.253301 1.036906 
0.146765 77.035306 167.274563 1.036893 
0.146898 77.034773 167.309947 1.037067 
0.146742 77.042835 167.347194 1.036930 
0.146791 77.042006 167.370768 1.036848 
0.146859 77.040218 167.401975 1.036848 
0.146769 77.045733 167.426130 1.036830 
0.146611 77.048783 167.453309 1.036731 
0.146687 77.042904 167.475812 1.036774 
0.146662 77.040002 167.494541 1.036988 
0.146593 77.044903 167.522129 1.037001 
0.146770 77.050134 167.542161 1.036828 
0.146994 77.053312 167.566983 1.037056 
0.146660 77.064484 167.587585 1.036907 
0.146770 77.051075 167.610324 1.036868 
0.146786 77.053062 167.640391 1.036891 
0.147131 77.049544 167.656237 1.036980 
0.146729 77.045446 167.673151 1.036865 
0.147019 77.052498 167.692029 1.036837 
0.146666 77.048759 167.715213 1.036684 
0.147174 77.053620 167.744672 1.036892 
0.147112 77.050709 167.761008 1.036991 
0.147206 77.050536 167.788094 1.036920 
0.147073 77.055097 167.805278 1.036876 
0.147183 77.057882 167.834181 1.036866 
0.147282 77.060729 167.845996 1.036673 
0.147398 77.056166 167.862760 1.036685 
0.147431 77.059841 167.890057 1.036765 
0.147240 77.062500 167.905088 1.036617 
0.147364 77.058701 167.919463 1.036788 
0.147293 77.056318 167.944489 1.036676 
0.147661 77.055831 167.961312 1.036725 
