0.147579 77.050957 167.977171 1.037010 
0.189630 76.944397 195.946306 1.036637 
0.189589 76.948478 196.036791 1.036669 
0.189621 76.952542 196.129428 1.036616 
0.189851 76.959244 196.222828 1.036555 
0.189945 76.962307 196.310614 1.036372 
0.189754 76.951919 196.401959 1.036577 
0.189907 76.955743 196.487189 1.036680 
0.189806 76.959155 196.584534 1.036450 
0.189774 76.957917 196.670765 1.036525 
0.190200 76.956471 196.757726 1.036627 
0.190120 76.955529 196.845400 1.036527 
0.190258 76.959505 196.930395 1.036421 
0.190190 76.956743 197.019600 1.036483 
0.190180 76.955834 197.100794 1.036525 
0.190317 76.946594 197.176993 1.036477 
0.190149 76.953788 197.263648 1.036460 
0.190144 76.965069 197.346530 1.036606 
0.190252 76.973465 197.434069 1.036511 
0.190265 76.968070 197.518306 1.036629 
0.190409 76.979617 197.597713 1.036706 
0.190326 76.976456 197.682259 1.036564 
0.190373 76.972594 197.757024 1.036837 
0.190549 76.978616 197.837709 1.036651 
0.190418 76.974869 197.913014 1.036690 
0.190549 76.973922 197.995301 1.036730 
0.190572 76.980317 198.072165 1.036585 
0.190372 76.978278 198.150116 1.036547 
0.190804 76.974557 198.224333 1.036618 
0.190670 76.974111 198.297923 1.036694 
0.190728 76.977172 198.377107 1.036914 
0.190854 76.978987 198.458016 1.036720 
0.191028 76.971193 198.534023 1.036475 
0.190900 76.963960 198.591875 1.036649 
0.190970 76.971351 198.669978 1.036677 
0.190832 76.976085 198.746100 1.036573 
0.190880 76.971771 198.821936 1.036407 
0.190877 76.978404 198.890569 1.036547 
0.190998 76.977042 198.962702 1.036717 
0.190860 76.964609 199.032397 1.036598 
0.190949 76.970388 199.105103 1.036605 
0.190959 76.966427 199.174780 1.036895 
0.191222 76.973874 199.248367 1.036783 
0.191289 76.977866 199.320754 1.036828 
0.191312 76.980109 199.399008 1.036796 
0.191409 76.964789 199.457300 1.036676 
0.191365 76.965933 199.534729 1.036802 
0.191093 76.965975 199.602310 1.036657 
0.191374 76.957046 199.675489 1.036686 
0.191579 76.969862 199.752819 1.036957 
0.191435 76.956069 199.817292 1.036701 
0.191742 76.964006 199.880067 1.036860 
0.191612 76.960225 199.947136 1.036746 
0.191739 76.952142 200.010878 1.036835 
0.191397 76.959604 200.078790 1.036817 
0.191752 76.960242 200.152033 1.036923 
0.191725 76.952237 200.201074 1.036722 
0.191986 76.963083 200.274964 1.036770 
0.191773 76.947583 200.333729 1.036465 
0.191879 76.944508 200.394305 1.036729 
0.191982 76.961463 200.457823 1.036820 
0.191953 76.962772 200.530677 1.036825 
0.192153 76.957636 200.594734 1.036656 
0.192144 76.943071 200.641144 1.036852 
0.192393 76.947357 200.713878 1.036751 
0.192405 76.944357 200.780815 1.036775 
0.192250 76.941790 200.843434 1.036548 
0.192364 76.942581 200.909791 1.036581 
0.192462 76.945652 200.981118 1.036767 
0.192520 76.940558 201.058825 1.036625 
0.192620 76.932980 201.115416 1.036687 
0.192655 76.933378 201.181048 1.036818 
0.192524 76.930022 201.255910 1.036669 
0.192611 76.933187 201.318393 1.036545 
0.192692 76.933252 201.399962 1.036728 
0.192547 76.926950 201.465350 1.037019 
0.192643 76.921737 201.533609 1.036787 
0.192808 76.925986 201.606960 1.036880 
0.192635 76.921402 201.670637 1.036751 
0.192612 76.922350 201.736539 1.036649 
0.192690 76.922781 201.796311 1.036809 
0.192826 76.914852 201.854797 1.036732 
0.192880 76.929201 201.921788 1.036629 
0.192790 76.923606 201.985434 1.036537 
0.193380 76.921382 202.040699 1.036707 
0.192995 76.912779 202.109774 1.036547 
0.193234 76.921010 202.167608 1.036712 
0.193075 76.913118 202.218991 1.036586 
0.193263 76.919234 202.271125 1.036761 
0.193395 76.925447 202.344166 1.036665 
0.193440 76.917784 202.395960 1.036583 
0.193414 76.915327 202.447377 1.036534 
0.193550 76.911126 202.502031 1.036672 
0.193722 76.920921 202.568366 1.036576 
0.193330 76.929665 202.627781 1.036509 
0.193549 76.914450 202.681154 1.036665 
0.193493 76.913099 202.733677 1.036636 
0.193490 76.916111 202.790726 1.036544 
0.193393 76.907622 202.849834 1.036711 
0.193694 76.896860 202.907124 1.036554 
0.193344 76.897908 202.962800 1.036563 
0.193650 76.907053 203.021466 1.036785 
0.193630 76.899370 203.070991 1.036791 
0.193489 76.903424 203.144708 1.036761 
0.193771 76.900561 203.193889 1.036654 
0.193436 76.893359 203.241066 1.036738 
0.193608 76.897030 203.303245 1.036763 
0.193854 76.916391 203.371129 1.036848 
0.193449 76.912077 203.417982 1.036664 
0.193678 76.909031 203.485469 1.036739 
0.193734 76.897134 203.526591 1.036667 
0.193842 76.913928 203.580653 1.036749 
0.193487 76.914575 203.648575 1.036704 
0.193734 76.920002 203.708813 1.036732 
0.193752 76.916741 203.761984 1.036773 
0.193381 76.920226 203.813719 1.036743 
0.193831 76.923212 203.863012 1.036497 
0.193812 76.921083 203.925265 1.036787 
0.193676 76.923452 203.975210 1.036741 
0.193797 76.923256 204.011230 1.036919 
0.193688 76.928577 204.073391 1.036799 
0.193642 76.926950 204.125869 1.036892 
0.193744 76.939210 204.176893 1.036862 
0.193576 76.935284 204.230976 1.036976 
0.193843 76.941163 204.282673 1.036767 
0.193598 76.941420 204.330621 1.036819 
0.193853 76.945529 204.387767 1.036867 
0.193750 76.938976 204.429493 1.036756 
0.193402 76.936394 204.486018 1.036876 
0.193911 76.935122 204.533620 1.036711 
0.193553 76.936905 204.584187 1.036759 
0.193542 76.934020 204.634106 1.036823 
0.193600 76.938254 204.690919 1.036749 
0.193445 76.930922 204.735428 1.036775 
0.193641 76.946304 204.804265 1.037013 
0.193538 76.936459 204.852586 1.036955 
0.193512 76.920003 204.890729 1.036834 
0.193553 76.925964 204.949265 1.036622 
0.193722 76.930439 205.005047 1.036625 
0.193413 76.926300 205.042910 1.036579 
0.193819 76.931487 205.105729 1.036648 
0.193714 76.938687 205.154929 1.036637 
0.193744 76.937150 205.212704 1.036694 
0.193706 76.938237 205.265796 1.036591 
0.193752 76.942493 205.314651 1.036594 
0.194028 76.929829 205.358644 1.036720 
0.193822 76.933682 205.409506 1.036612 
0.193990 76.935494 205.465139 1.036716 
0.194008 76.934212 205.511965 1.036876 
0.194248 76.939890 205.573111 1.036744 
0.194089 76.947347 205.624297 1.036723 
0.194198 76.934795 205.667846 1.036672 
0.193904 76.938838 205.722076 1.036833 
0.194211 76.942661 205.777243 1.036772 
0.194124 76.948752 205.826844 1.036760 
0.194222 76.945612 205.872195 1.036733 
0.194278 76.952320 205.933401 1.036677 
0.194186 76.945289 205.983017 1.036611 
0.194286 76.949419 206.021633 1.036684 
0.194462 76.946106 206.069804 1.036790 
0.194182 76.939585 206.097727 1.036936 
0.194276 76.940005 206.151555 1.036689 
0.194603 76.938190 206.206415 1.036600 
0.194347 76.948535 206.239936 1.036667 
0.194266 76.944095 206.280678 1.036768 
0.194288 76.952015 206.324630 1.036587 
0.194424 76.945831 206.361742 1.036634 
0.194470 76.946946 206.399203 1.036621 
0.194183 76.944545 206.446253 1.036647 
0.194326 76.945178 206.485797 1.036535 
0.194409 76.943279 206.515256 1.036637 
0.194425 76.932562 206.555672 1.036574 
0.194060 76.938312 206.600008 1.036626 
0.194167 76.942305 206.638532 1.036777 
0.193779 76.930838 206.682582 1.036760 
0.194272 76.938110 206.724274 1.036820 
0.193975 76.940456 206.766746 1.036831 
0.193954 76.934142 206.804874 1.036664 
0.193912 76.937858 206.865560 1.036707 
0.193848 76.932505 206.898223 1.036631 
0.193658 76.942016 206.940526 1.036602 
0.193509 76.932113 206.982584 1.036770 
0.193769 76.925816 207.022478 1.036716 
0.193533 76.920371 207.066670 1.036531 
0.193644 76.916821 207.106873 1.036662 
0.193579 76.922021 207.155312 1.036629 
0.193343 76.928403 207.195514 1.036581 
0.193144 76.926847 207.231144 1.036489 
0.193163 76.921724 207.265545 1.036763 
0.193204 76.924976 207.311419 1.036751 
0.193195 76.928524 207.346516 1.036739 
0.192919 76.923338 207.384948 1.036712 
0.192837 76.921737 207.420751 1.036713 
0.192825 76.911229 207.447625 1.036663 
0.193060 76.922040 207.493045 1.036806 
0.192758 76.923846 207.530729 1.036669 
0.192339 76.919280 207.553139 1.036751 
0.192632 76.921017 207.585012 1.036833 
0.192560 76.920276 207.616360 1.036677 
0.192390 76.920979 207.649743 1.036730 
