0.192931 77.083434 218.007510 1.036560 
0.101115 77.288368 148.995063 1.036663 
0.101184 77.287589 148.928049 1.036677 
0.101164 77.267686 148.853975 1.036906 
0.100913 77.271874 148.783948 1.036754 
0.101129 77.282939 148.714751 1.036603 
0.100904 77.287061 148.653380 1.036607 
0.100968 77.283140 148.582595 1.036625 
0.100905 77.281330 148.515100 1.036666 
0.100844 77.266858 148.448886 1.036655 
0.100747 77.271250 148.374966 1.036689 
0.100595 77.268542 148.314341 1.036685 
0.100752 77.265818 148.249085 1.036741 
0.100750 77.264157 148.183216 1.036713 
0.100527 77.266636 148.111941 1.036664 
0.100603 77.266752 148.043154 1.036534 
0.100465 77.261572 147.970869 1.036615 
0.100455 77.265259 147.915070 1.036649 
0.100315 77.249983 147.842231 1.036648 
0.100213 77.260014 147.775227 1.036652 
0.100160 77.262495 147.722981 1.036804 
0.099906 77.254873 147.657527 1.036533 
0.099650 77.255238 147.582817 1.036463 
0.099843 77.250771 147.525506 1.036508 
0.099595 77.246965 147.467611 1.036487 
0.099361 77.245381 147.401670 1.036517 
0.099498 77.248181 147.332953 1.036568 
0.099417 77.230366 147.271258 1.036619 
0.099158 77.232435 147.217608 1.036636 
0.099256 77.232948 147.160598 1.036547 
0.098998 77.240108 147.104289 1.036664 
0.099034 77.223565 147.043041 1.036521 
0.098950 77.227211 146.986388 1.036515 
0.099342 77.227011 146.925041 1.036521 
0.098925 77.232160 146.869461 1.036601 
0.098782 77.231252 146.811283 1.036600 
0.098997 77.231676 146.752587 1.036653 
0.098994 77.232247 146.694799 1.036649 
0.098878 77.229109 146.638361 1.036681 
0.098848 77.222248 146.571379 1.036765 
0.098751 77.230151 146.517003 1.036619 
0.098960 77.231312 146.461964 1.036635 
0.098876 77.222360 146.399062 1.036765 
0.098765 77.226711 146.337556 1.036671 
0.098812 77.225709 146.276084 1.036703 
0.098695 77.228100 146.216015 1.036748 
0.098634 77.228134 146.167999 1.036577 
0.098539 77.228505 146.111978 1.036784 
0.098677 77.230785 146.052580 1.036657 
0.098707 77.235026 146.004126 1.036663 
0.098508 77.232948 145.945678 1.036683 
0.098753 77.230503 145.881820 1.036597 
0.098693 77.232325 145.819030 1.036678 
0.098344 77.230298 145.774163 1.036664 
0.098596 77.236135 145.715161 1.036648 
0.098673 77.232613 145.656468 1.036691 
0.098583 77.242195 145.599816 1.036714 
0.098504 77.233543 145.540732 1.036720 
0.098635 77.242252 145.486171 1.036716 
0.098214 77.239284 145.435595 1.036641 
0.098595 77.240185 145.385894 1.036742 
0.098395 77.235104 145.321264 1.036726 
0.098373 77.248619 145.256972 1.036575 
0.098109 77.239110 145.204110 1.036491 
0.098302 77.243010 145.148678 1.036634 
0.098041 77.239261 145.089946 1.036700 
0.098086 77.236474 145.027727 1.036719 
0.098176 77.236557 144.963914 1.036585 
0.098083 77.238403 144.920122 1.036780 
0.097957 77.240045 144.861228 1.036692 
0.097845 77.242213 144.807700 1.036548 
0.097944 77.235557 144.753074 1.036644 
0.097850 77.239969 144.698668 1.036568 
0.097750 77.240599 144.647584 1.036635 
0.097781 77.236744 144.605790 1.036577 
0.097988 77.237370 144.547844 1.036475 
0.097900 77.222527 144.489881 1.036698 
0.097744 77.232050 144.439262 1.036708 
0.097754 77.230663 144.396243 1.036561 
0.097891 77.220437 144.342965 1.036511 
0.097891 77.222440 144.305361 1.036385 
0.097783 77.223731 144.253832 1.036474 
0.097512 77.231797 144.207880 1.036620 
0.097905 77.230135 144.167761 1.036612 
0.097803 77.232415 144.124656 1.036841 
0.097817 77.230428 144.063093 1.036525 
0.098217 77.221852 144.026103 1.036636 
0.097832 77.227745 143.976941 1.036902 
0.097848 77.227419 143.930868 1.036693 
0.097776 77.231308 143.892382 1.036642 
0.098238 77.238013 143.844110 1.036597 
0.097694 77.233351 143.793833 1.036669 
0.097976 77.231200 143.762990 1.036636 
0.098021 77.245451 143.715688 1.036678 
0.098051 77.242287 143.659650 1.036688 
0.098263 77.244522 143.615191 1.036682 
0.098106 77.243404 143.583838 1.036785 
0.098157 77.231304 143.528394 1.036668 
0.098657 77.243276 143.491236 1.036626 
0.098041 77.236642 143.453501 1.036655 
0.098081 77.231306 143.408916 1.036602 
0.098290 77.218781 143.359785 1.036479 
0.098050 77.230252 143.326370 1.036559 
0.098230 77.229328 143.284953 1.036618 
0.098145 77.223828 143.249718 1.036642 
0.098310 77.231253 143.201946 1.036568 
0.098227 77.225430 143.158304 1.036568 
0.098242 77.218789 143.118204 1.036576 
0.098072 77.218650 143.079951 1.036529 
0.098284 77.209617 143.036826 1.036612 
0.098318 77.219736 142.997898 1.036548 
0.098329 77.220901 142.950615 1.036585 
0.098460 77.225284 142.915188 1.036521 
0.098400 77.220548 142.868404 1.036789 
0.098547 77.213633 142.832279 1.036554 
0.098670 77.214455 142.785425 1.036687 
0.098418 77.203729 142.740487 1.036455 
0.098912 77.206663 142.694382 1.036716 
0.099034 77.222039 142.657835 1.036785 
0.098814 77.217651 142.619406 1.036585 
0.098836 77.213721 142.571870 1.036846 
0.098904 77.204636 142.531565 1.036931 
0.099143 77.199146 142.488642 1.036798 
0.099269 77.204886 142.447008 1.036575 
0.098932 77.207476 142.406637 1.036682 
0.099340 77.201206 142.359871 1.036714 
0.099569 77.208876 142.320192 1.036664 
0.099267 77.208676 142.281027 1.036703 
0.099722 77.205866 142.242770 1.036764 
0.099359 77.206189 142.202628 1.036881 
0.099824 77.196985 142.159938 1.036778 
0.099594 77.198316 142.126335 1.036640 
0.099794 77.211311 142.090174 1.036636 
0.099857 77.220495 142.054734 1.036616 
0.099859 77.213799 142.020421 1.036702 
0.099966 77.202068 141.984832 1.036505 
0.099918 77.207448 141.944199 1.036649 
0.100164 77.209350 141.923593 1.036718 
0.099975 77.210305 141.886735 1.036830 
0.100026 77.207330 141.846809 1.036616 
0.100203 77.211175 141.815323 1.036481 
0.100433 77.214113 141.783475 1.036596 
0.100325 77.205050 141.751495 1.036557 
0.100709 77.206519 141.718692 1.036623 
0.100374 77.215211 141.695485 1.036624 
0.100725 77.216337 141.660267 1.036560 
0.100924 77.218250 141.633863 1.036614 
0.100870 77.216826 141.602833 1.036575 
0.100799 77.220080 141.571496 1.036656 
0.100733 77.222037 141.540421 1.036623 
0.101071 77.208679 141.517244 1.036706 
0.101305 77.212980 141.492426 1.036674 
0.101202 77.223837 141.472829 1.036794 
0.101187 77.225233 141.442848 1.036575 
0.101451 77.214608 141.411090 1.036499 
0.101315 77.222886 141.386518 1.036537 
0.101339 77.220036 141.372302 1.036705 
0.101360 77.218364 141.343728 1.036596 
0.101336 77.215053 141.312872 1.036854 
0.101403 77.221279 141.293842 1.036803 
0.101421 77.234228 141.264784 1.036658 
0.101515 77.222803 141.227138 1.036804 
0.101506 77.222000 141.200305 1.036889 
0.101785 77.224198 141.177269 1.036733 
0.101737 77.221611 141.141621 1.036652 
0.101608 77.221350 141.110940 1.036944 
0.101620 77.213725 141.076833 1.036544 
0.101746 77.215188 141.047078 1.036671 
0.101729 77.216419 141.022472 1.036618 
0.101783 77.218474 140.992468 1.036687 
0.101631 77.220620 140.964449 1.036476 
0.101780 77.216816 140.932124 1.036728 
0.101867 77.228555 140.902134 1.036625 
0.101679 77.224654 140.876577 1.036691 
0.101798 77.224118 140.844905 1.036803 
0.101614 77.220359 140.814126 1.036639 
0.101842 77.219951 140.784409 1.036885 
0.101656 77.229352 140.754283 1.036883 
0.101679 77.230870 140.722525 1.036732 
0.101866 77.230440 140.698635 1.036675 
0.101720 77.224086 140.642736 1.036813 
0.101760 77.228169 140.610864 1.036644 
0.101839 77.235738 140.591270 1.036787 
0.101835 77.232071 140.559019 1.036723 
0.101920 77.237263 140.537697 1.036719 
0.101981 77.248056 140.493168 1.036656 
0.101565 77.245898 140.467632 1.036724 
0.101844 77.235776 140.439076 1.036637 
0.102030 77.236667 140.409746 1.036827 
0.101585 77.235218 140.369773 1.036628 
0.102003 77.222631 140.333315 1.036590 
0.101846 77.233831 140.296063 1.036660 
0.101665 77.231420 140.277323 1.036839 
0.101918 77.231392 140.248805 1.036750 
0.101688 77.231754 140.222491 1.036582 
0.101707 77.232573 140.185236 1.036593 
0.101691 77.240430 140.162049 1.036803 
0.101323 77.238321 140.136746 1.036718 
0.101685 77.230798 140.101773 1.036748 
0.101503 77.229451 140.066249 1.036553 
