0.104330 77.114211 143.759722 1.036573 
0.145660 76.999870 157.991751 1.036763 
0.145744 77.002397 158.056268 1.036728 
0.145713 77.001824 158.120039 1.036882 
0.145864 77.001339 158.190958 1.036756 
0.146057 76.997609 158.277053 1.036930 
0.145871 77.006635 158.348652 1.036861 
0.146164 77.004702 158.407686 1.036797 
0.146345 76.999991 158.473533 1.036772 
0.146027 77.005010 158.538959 1.036777 
0.146446 76.997324 158.610916 1.036817 
0.146095 77.002023 158.681757 1.036728 
0.146322 77.014856 158.755058 1.036752 
0.146289 77.009230 158.816928 1.036815 
0.146524 77.002174 158.886258 1.036891 
0.146377 77.009538 158.959263 1.036822 
0.146506 77.015255 159.034642 1.036809 
0.146950 77.015676 159.099753 1.036719 
0.146739 77.007871 159.164317 1.036750 
0.146828 77.008507 159.241496 1.036817 
0.146625 77.002713 159.296460 1.036926 
0.146854 76.990480 159.352451 1.036861 
0.146786 76.998731 159.426890 1.036920 
0.146769 76.998037 159.497266 1.036791 
0.146728 77.001384 159.554666 1.036876 
0.146803 76.994004 159.626530 1.036964 
0.146852 76.989627 159.681409 1.036857 
0.146817 76.997776 159.744176 1.036744 
0.146527 76.986119 159.799510 1.036919 
0.146778 76.997300 159.871268 1.036708 
0.146950 76.998332 159.929206 1.036704 
0.146676 76.987545 159.992321 1.036791 
0.146936 76.987213 160.037168 1.036785 
0.146815 76.975565 160.101878 1.036706 
0.146979 76.985322 160.166003 1.036726 
0.146931 76.986606 160.229839 1.036651 
0.147051 76.989581 160.285507 1.036678 
0.147094 76.986232 160.348899 1.036872 
0.147006 76.988357 160.401421 1.036698 
0.147251 76.990762 160.462832 1.036755 
0.146796 76.991240 160.517076 1.036713 
0.146935 76.993742 160.572809 1.036872 
0.147070 76.986027 160.626849 1.036958 
0.147337 76.991382 160.682737 1.036884 
0.147297 76.996937 160.741728 1.036768 
0.146883 76.988404 160.787951 1.036848 
0.147342 77.008996 160.849661 1.036681 
0.147107 77.003459 160.913625 1.036593 
0.147412 77.000935 160.961201 1.036741 
0.147116 77.016110 161.029459 1.036674 
0.147236 76.993690 161.075334 1.036662 
0.147001 77.007930 161.123728 1.036815 
0.147282 77.004855 161.184282 1.036643 
0.147078 77.012799 161.245882 1.036818 
0.147283 77.014998 161.294903 1.036558 
0.147393 77.011301 161.353090 1.036822 
0.147176 77.009998 161.397510 1.036731 
0.147282 77.005613 161.452918 1.036671 
0.147337 77.007333 161.502430 1.036685 
0.147293 77.009504 161.558833 1.036651 
0.147391 77.016059 161.618192 1.036775 
0.147291 77.007394 161.656026 1.036774 
0.147363 77.007500 161.703871 1.036617 
0.147285 77.007692 161.752124 1.036763 
0.147618 77.003244 161.792891 1.036697 
0.147306 77.000599 161.841960 1.036770 
0.147490 77.000933 161.884525 1.036796 
0.147503 76.992004 161.924542 1.036784 
0.147377 76.993984 161.974226 1.036656 
0.147498 76.991151 162.015398 1.036820 
0.147458 76.990856 162.058436 1.036601 
0.147556 76.993787 162.097740 1.036516 
0.147623 76.998333 162.147432 1.036697 
0.147488 76.997367 162.194760 1.036771 
0.147381 76.991218 162.229394 1.036663 
0.147537 76.987438 162.267358 1.036703 
0.147371 76.995194 162.312100 1.036812 
0.147387 76.995555 162.339991 1.036677 
0.147610 76.992341 162.389343 1.036917 
0.147267 76.993016 162.431609 1.036563 
0.147479 76.994958 162.459616 1.036681 
0.147260 76.994410 162.499754 1.036833 
0.147528 76.983755 162.543012 1.036833 
0.147370 76.980860 162.580056 1.036741 
0.147496 76.987062 162.624073 1.036844 
0.147218 76.980819 162.665354 1.036749 
0.147442 76.985201 162.707807 1.036675 
0.147384 76.988294 162.750474 1.036996 
0.147380 76.981489 162.796453 1.036648 
0.147436 76.977048 162.820619 1.036847 
0.147317 76.981209 162.867033 1.036574 
0.147204 76.976271 162.901165 1.036609 
0.147446 76.984174 162.944844 1.036651 
0.147235 76.981323 162.984570 1.036801 
0.147133 76.973870 163.023646 1.036557 
0.147076 76.984051 163.061872 1.036437 
0.147068 76.985542 163.111653 1.036587 
0.147251 76.976319 163.139401 1.036724 
0.147008 76.978586 163.171872 1.036579 
0.147014 76.982900 163.223528 1.036604 
0.147337 76.989439 163.268056 1.036763 
0.147049 76.984812 163.304307 1.036864 
0.147414 76.981108 163.337760 1.036722 
0.147135 76.988116 163.387417 1.036896 
0.147199 76.988585 163.429712 1.036828 
0.147292 76.987901 163.461195 1.036940 
0.146916 76.995949 163.514350 1.036924 
0.147484 76.992439 163.543119 1.036777 
0.147068 76.981088 163.584973 1.036910 
0.147431 76.991067 163.619739 1.037083 
0.147436 76.981663 163.667267 1.036682 
0.147399 76.989632 163.702321 1.036840 
0.147329 76.997886 163.739531 1.036660 
0.147559 76.999405 163.791632 1.036752 
0.147208 76.996632 163.820204 1.036772 
0.147277 76.992237 163.857605 1.036883 
0.147506 76.997498 163.889035 1.036861 
0.147164 76.996892 163.929466 1.036767 
0.147429 76.984111 163.956965 1.036797 
0.147276 76.987744 163.989506 1.036793 
0.147518 76.975039 164.015331 1.036973 
0.147563 76.981002 164.059080 1.036513 
0.147607 76.984386 164.088298 1.036752 
0.147801 76.974254 164.118871 1.036608 
0.147595 76.974903 164.148084 1.036602 
0.147626 76.982812 164.175458 1.036579 
0.147861 76.964739 164.205474 1.036710 
0.147819 76.980199 164.242893 1.036650 
0.147738 76.991770 164.279665 1.036696 
0.147809 76.985234 164.312587 1.036842 
0.147940 76.980549 164.345954 1.036777 
0.147968 76.984805 164.370464 1.036862 
0.147900 76.983633 164.407665 1.036793 
0.147901 76.987017 164.445694 1.036920 
0.147840 76.988190 164.487148 1.036954 
0.147846 76.971385 164.512423 1.036735 
0.148113 76.974360 164.548373 1.036969 
0.147880 76.980702 164.592436 1.036733 
0.147792 76.981130 164.638131 1.036873 
0.148066 76.971572 164.665131 1.036802 
0.147865 76.975719 164.703301 1.037050 
0.147972 76.982463 164.745125 1.036839 
0.147735 76.971937 164.779884 1.036875 
0.147724 76.967678 164.813072 1.036887 
0.147667 76.979436 164.855786 1.036904 
0.147878 76.979327 164.894653 1.036776 
0.147782 76.975215 164.922540 1.036965 
0.147762 76.972664 164.962741 1.036878 
0.147865 76.975377 164.996983 1.036828 
0.147897 76.980234 165.028348 1.036874 
0.147641 76.974538 165.074077 1.037015 
0.147869 76.959369 165.092964 1.036756 
0.147638 76.960803 165.122930 1.036831 
0.147588 76.962197 165.158191 1.036844 
0.147314 76.965986 165.172822 1.036693 
0.147586 76.966763 165.203094 1.036539 
0.147587 76.963894 165.224686 1.036726 
0.147259 76.962318 165.249946 1.037021 
0.147301 76.964301 165.278921 1.036777 
0.147398 76.968116 165.302005 1.036622 
0.147134 76.965108 165.312712 1.036663 
0.147290 76.976319 165.361219 1.036987 
0.146976 76.969192 165.378553 1.036876 
0.147091 76.970431 165.394532 1.036913 
0.146964 76.963569 165.406821 1.036872 
0.147062 76.970453 165.436544 1.036872 
0.146806 76.971393 165.466880 1.036886 
0.147315 76.973047 165.487557 1.036801 
0.146978 76.977481 165.507280 1.036653 
0.146994 76.965603 165.530735 1.036829 
0.147109 76.966904 165.547651 1.036914 
0.146719 76.971943 165.582646 1.036818 
0.147034 76.979434 165.609324 1.036785 
0.146904 76.985401 165.632792 1.036772 
0.147076 76.975028 165.660729 1.036950 
0.147103 76.978800 165.680703 1.036904 
0.147138 76.978065 165.714864 1.036668 
0.147197 76.978725 165.737411 1.036684 
0.146976 76.978400 165.753869 1.037027 
0.147033 76.980857 165.785033 1.036998 
0.147074 76.979964 165.813938 1.036887 
0.147453 76.979883 165.845766 1.036993 
0.147159 76.988800 165.880436 1.036703 
0.147047 76.978770 165.902487 1.036825 
0.147381 76.991753 165.927524 1.036628 
0.147194 76.993239 165.953378 1.036652 
0.147373 76.993958 165.980893 1.036666 
0.147312 76.998631 166.020917 1.036686 
0.147242 76.989856 166.029974 1.036764 
0.147304 77.003907 166.051179 1.036763 
0.147285 77.003272 166.094530 1.036964 
0.147261 76.991010 166.114376 1.036791 
0.147308 77.001199 166.151818 1.036777 
0.147234 77.004767 166.171188 1.036869 
0.147308 76.998085 166.199827 1.036986 
0.147649 77.008990 166.230986 1.036965 
0.147334 77.019853 166.260072 1.036913 
0.147541 77.000658 166.277927 1.036848 
0.147421 77.009827 166.310225 1.036886 
0.147541 77.007258 166.332747 1.036887 
