0.108214 77.047846 160.715933 1.036797 
0.108213 77.042458 160.574739 1.036707 
0.108054 77.045635 160.442423 1.036919 
0.108023 77.038848 160.306830 1.036874 
0.107941 77.046386 160.171611 1.036924 
0.107803 77.045142 160.043648 1.037062 
0.107481 77.039222 159.902769 1.036962 
0.107623 77.040838 159.766827 1.036788 
0.107620 77.041868 159.637077 1.036863 
0.107269 77.044060 159.502312 1.036847 
0.107222 77.037769 159.381321 1.036794 
0.107210 77.041777 159.237039 1.036950 
0.107162 77.043635 159.113447 1.037164 
0.107093 77.042644 158.982778 1.036915 
0.106975 77.051958 158.850195 1.036746 
0.106779 77.051208 158.734271 1.036880 
0.106864 77.038548 158.596826 1.036797 
0.106646 77.044476 158.475997 1.036788 
0.106637 77.043981 158.363099 1.036856 
0.106629 77.059657 158.240395 1.036668 
0.106664 77.062986 158.124522 1.036823 
0.106431 77.059127 158.003743 1.036866 
0.106242 77.059541 157.877914 1.036926 
0.106167 77.054419 157.757631 1.036822 
0.106100 77.054795 157.628975 1.036901 
0.105973 77.051808 157.510540 1.036706 
0.106026 77.056138 157.393247 1.037027 
0.106100 77.053727 157.272546 1.036862 
0.105815 77.061294 157.155758 1.036870 
0.105548 77.055322 157.040228 1.037012 
0.105929 77.050110 156.923747 1.036936 
0.105643 77.049085 156.802794 1.037045 
0.105630 77.052993 156.697559 1.036826 
0.105544 77.052662 156.572733 1.036714 
0.105303 77.037381 156.460260 1.036903 
0.105295 77.046081 156.350847 1.036861 
0.105265 77.047037 156.236687 1.036783 
0.105423 77.048381 156.118549 1.036811 
0.104943 77.055493 156.007323 1.036775 
0.105206 77.050414 155.898363 1.036736 
0.105094 77.049990 155.788220 1.036770 
0.104992 77.041573 155.682291 1.036654 
0.104997 77.048247 155.570278 1.036761 
0.104743 77.051713 155.465838 1.036782 
0.104916 77.054006 155.358506 1.036654 
0.104669 77.051913 155.247012 1.036717 
0.104746 77.055482 155.141593 1.036552 
0.104957 77.060655 155.045275 1.036819 
0.104779 77.053719 154.944466 1.036760 
0.104699 77.049001 154.845541 1.036741 
0.104935 77.049695 154.744923 1.036684 
0.104756 77.065732 154.639161 1.037026 
0.104769 77.063021 154.538539 1.036985 
0.104630 77.063928 154.446115 1.036969 
0.104794 77.067873 154.347786 1.036915 
0.104789 77.075713 154.247753 1.036892 
0.104765 77.082195 154.152254 1.036842 
0.104707 77.079559 154.053894 1.036812 
0.104642 77.074490 153.962092 1.036881 
0.104775 77.078016 153.864020 1.036879 
0.104759 77.081819 153.767812 1.037037 
0.104817 77.082701 153.675270 1.036977 
0.104684 77.083363 153.584494 1.036771 
0.104764 77.086155 153.496660 1.036885 
0.104716 77.082355 153.395443 1.036901 
0.104804 77.081155 153.292934 1.036715 
0.104936 77.091590 153.205992 1.036962 
0.104791 77.098369 153.117392 1.036834 
0.104784 77.100947 153.026464 1.036873 
0.104971 77.101258 152.941391 1.036555 
0.104750 77.097319 152.853818 1.036757 
0.104595 77.094547 152.756894 1.036586 
0.104712 77.103412 152.676646 1.036726 
0.104555 77.108876 152.585414 1.036692 
0.104682 77.097008 152.493518 1.036733 
0.104847 77.098299 152.402734 1.036785 
0.104744 77.102069 152.313534 1.036765 
0.104919 77.103661 152.224428 1.036976 
0.104952 77.099847 152.133552 1.036853 
0.105027 77.099040 152.047822 1.036879 
0.104803 77.104772 151.953672 1.036772 
0.105018 77.105539 151.862035 1.036894 
0.105101 77.101266 151.771669 1.036878 
0.105273 77.101068 151.690516 1.036697 
0.105223 77.104181 151.598707 1.036821 
0.105058 77.104701 151.511531 1.036757 
0.105431 77.099152 151.427481 1.036806 
0.105531 77.094498 151.335701 1.036785 
0.105759 77.094665 151.260252 1.036766 
0.105671 77.094721 151.174306 1.036805 
0.105650 77.096670 151.090994 1.036806 
0.105828 77.094228 151.013074 1.036826 
0.105740 77.103484 150.930965 1.036923 
0.105966 77.108207 150.853302 1.036776 
0.106411 77.093681 150.771222 1.036808 
0.106055 77.097329 150.687322 1.036832 
0.106340 77.103783 150.615143 1.036901 
0.106486 77.102689 150.530636 1.036829 
0.106610 77.104590 150.455277 1.036764 
0.106604 77.111185 150.374159 1.036760 
0.106710 77.110040 150.295111 1.036708 
0.106495 77.109271 150.210674 1.036613 
0.106623 77.110881 150.135123 1.036903 
0.106602 77.109718 150.067114 1.036854 
0.106484 77.111306 149.986849 1.036991 
0.106522 77.109587 149.909963 1.036957 
0.106844 77.114024 149.825984 1.036969 
0.106538 77.111441 149.754402 1.036895 
0.106662 77.121405 149.664666 1.036847 
0.106818 77.122201 149.594083 1.036945 
0.106584 77.125406 149.517052 1.037005 
0.106580 77.116764 149.443739 1.036767 
0.106546 77.122562 149.356785 1.036806 
0.106386 77.126998 149.283209 1.036933 
0.106539 77.118402 149.210298 1.036970 
0.106679 77.136715 149.139272 1.037080 
0.106354 77.129532 149.061359 1.036843 
0.106489 77.134969 148.990841 1.036920 
0.106278 77.136976 148.916420 1.036971 
0.106293 77.126767 148.838301 1.036736 
0.106201 77.133743 148.758077 1.036782 
0.106259 77.128639 148.690797 1.036677 
0.106204 77.135465 148.607369 1.036836 
0.106239 77.135364 148.528910 1.036784 
0.106037 77.144645 148.463028 1.036678 
0.106099 77.131649 148.389479 1.036902 
0.105955 77.131000 148.316989 1.036923 
0.106028 77.129488 148.238431 1.037039 
0.105987 77.129083 148.171398 1.036866 
0.105851 77.126438 148.099678 1.036851 
0.105838 77.135207 148.028691 1.036915 
0.105874 77.131917 147.962009 1.037007 
0.105782 77.126932 147.882327 1.036963 
0.105722 77.124376 147.816484 1.036967 
0.105735 77.125344 147.746514 1.036914 
0.105727 77.129594 147.679963 1.036927 
0.105777 77.128259 147.606545 1.036816 
0.105814 77.133921 147.535172 1.036943 
0.105484 77.133348 147.463103 1.036946 
0.105456 77.133530 147.393719 1.036865 
0.105485 77.131643 147.319035 1.036908 
0.105522 77.135298 147.250706 1.036912 
0.105558 77.131202 147.174159 1.036808 
0.105512 77.131585 147.106302 1.036700 
0.105368 77.132620 147.041393 1.036621 
0.105317 77.145879 146.975213 1.036808 
0.105515 77.145090 146.906627 1.036767 
0.105395 77.139029 146.832253 1.036780 
0.105460 77.141652 146.759484 1.036960 
0.105247 77.152101 146.702465 1.036777 
0.105118 77.150629 146.629963 1.036826 
0.105195 77.143386 146.555452 1.037032 
0.105198 77.145983 146.485484 1.036861 
0.104979 77.152228 146.423116 1.036620 
0.105241 77.162288 146.363391 1.036791 
0.105145 77.160152 146.289220 1.036503 
0.105015 77.164340 146.222267 1.036525 
0.104730 77.158736 146.148644 1.036639 
0.105020 77.171458 146.092122 1.036690 
0.104631 77.162778 146.025958 1.036692 
0.104754 77.161472 145.959112 1.036873 
0.104913 77.158575 145.891007 1.036532 
0.104797 77.158081 145.822413 1.036621 
0.104571 77.160218 145.758299 1.036811 
0.104727 77.144522 145.699244 1.036797 
0.104470 77.153062 145.634217 1.036648 
0.104465 77.145021 145.582076 1.036716 
0.104564 77.143281 145.510106 1.036827 
0.104145 77.147074 145.452455 1.036695 
0.104238 77.146948 145.402560 1.036614 
0.104370 77.147620 145.326077 1.036585 
0.104170 77.144228 145.271242 1.036646 
0.104244 77.135941 145.213379 1.036697 
0.104088 77.131280 145.153279 1.036742 
0.104377 77.137836 145.096589 1.036774 
0.104213 77.131834 145.043556 1.036837 
0.104221 77.122303 144.991398 1.036742 
0.104313 77.127444 144.933839 1.036818 
0.104126 77.121824 144.876455 1.036717 
0.104189 77.125985 144.829568 1.036471 
0.104253 77.125604 144.767685 1.036611 
0.104330 77.121978 144.709221 1.036879 
0.104211 77.117388 144.659124 1.036674 
0.104507 77.123864 144.601955 1.036538 
0.104294 77.106348 144.544217 1.036662 
0.104348 77.113136 144.491266 1.036675 
0.104248 77.114095 144.438059 1.036531 
0.104423 77.119286 144.386804 1.036549 
0.104261 77.111859 144.330812 1.036636 
0.104461 77.115479 144.286240 1.036642 
0.104154 77.119489 144.226820 1.036646 
0.104361 77.111216 144.173854 1.036674 
0.104186 77.107275 144.127328 1.036772 
0.104382 77.110233 144.070448 1.036678 
0.104249 77.119236 144.029662 1.036740 
0.104240 77.113340 143.983978 1.036929 
0.104231 77.120269 143.928355 1.036828 
0.104346 77.101945 143.882748 1.036810 
0.104306 77.124634 143.844464 1.036792 
0.104513 77.118532 143.798720 1.036800 
