0.147316 77.009294 166.371325 1.037056 
0.192998 76.999725 199.544571 1.036837 
0.193263 76.987598 199.596245 1.036894 
0.193241 76.993304 199.649262 1.036655 
0.192939 76.987323 199.703911 1.036758 
0.193289 76.989551 199.754299 1.036740 
0.193350 76.989584 199.812744 1.036788 
0.193677 76.988989 199.856593 1.036619 
0.193254 76.990263 199.912100 1.036835 
0.193169 76.992843 199.966907 1.036895 
0.193449 76.983641 200.008249 1.036785 
0.193423 76.981925 200.061393 1.036871 
0.193307 76.978313 200.108968 1.036902 
0.193235 76.981907 200.158667 1.036789 
0.193337 76.986314 200.211751 1.036952 
0.193456 76.979252 200.256377 1.036938 
0.193471 76.973746 200.297230 1.036764 
0.193462 76.981777 200.343958 1.036807 
0.193559 76.976500 200.389519 1.036821 
0.193555 76.988741 200.443696 1.036885 
0.193452 76.986734 200.483818 1.036842 
0.193343 76.981578 200.533486 1.036763 
0.193390 76.983291 200.584383 1.036737 
0.193574 76.981123 200.628994 1.036862 
0.193235 76.989426 200.684454 1.036943 
0.193551 76.976265 200.716088 1.036864 
0.193571 76.986979 200.776669 1.036984 
0.193361 76.983452 200.824992 1.036875 
0.193366 76.986388 200.871481 1.036954 
0.193428 76.979963 200.916140 1.036844 
0.193322 76.984565 200.964578 1.036698 
0.193154 76.980804 201.016330 1.036797 
0.193276 76.985084 201.063415 1.036907 
0.193478 76.983781 201.112743 1.036654 
0.193292 76.980677 201.163257 1.036664 
0.193364 76.984597 201.209846 1.036849 
0.193219 76.978562 201.251717 1.036746 
0.193205 76.982238 201.302292 1.036811 
0.193227 76.989424 201.349141 1.036811 
0.193354 76.985482 201.396125 1.036829 
0.192912 76.986071 201.441446 1.036650 
0.193127 76.997493 201.491200 1.036985 
0.193108 76.992776 201.529136 1.036849 
0.192928 76.991502 201.567226 1.036648 
0.192952 76.993684 201.619676 1.036731 
0.192886 76.999138 201.662271 1.036836 
0.192794 77.003705 201.705197 1.036740 
0.192699 77.009181 201.752759 1.036756 
0.192680 77.005873 201.794682 1.036752 
0.192770 77.007312 201.838245 1.036738 
0.192681 77.007060 201.886562 1.036783 
0.192723 77.019726 201.926662 1.036676 
0.192441 77.021352 201.969342 1.036615 
0.192670 77.019767 202.003891 1.036771 
0.192628 77.025547 202.051685 1.036845 
0.192609 77.023418 202.088229 1.036733 
0.192707 77.025918 202.127172 1.036793 
0.192500 77.012175 202.158773 1.036610 
0.192476 77.029267 202.200060 1.036791 
0.192669 77.039520 202.236413 1.036738 
0.192489 77.030719 202.271843 1.036781 
0.192618 77.041750 202.320590 1.036841 
0.192598 77.044511 202.358086 1.036941 
0.192284 77.039376 202.397067 1.036901 
0.192723 77.042757 202.434340 1.036683 
0.192646 77.036876 202.471706 1.036651 
0.192496 77.042124 202.521728 1.036763 
0.192724 77.049413 202.551100 1.036918 
0.192444 77.043418 202.583870 1.036899 
0.192691 77.047852 202.623524 1.036841 
0.192580 77.043259 202.657463 1.036890 
0.192691 77.034419 202.701282 1.036731 
0.192516 77.048233 202.741343 1.037040 
0.192773 77.044661 202.771046 1.036847 
0.192906 77.032005 202.803390 1.036936 
0.192503 77.034554 202.850949 1.036852 
0.192457 77.029244 202.882600 1.036914 
0.192765 77.027190 202.924499 1.036966 
0.192847 77.034633 202.958311 1.036901 
0.192946 77.040473 203.005218 1.036935 
0.192817 77.037209 203.038872 1.036748 
0.192917 77.036832 203.085389 1.036813 
0.192978 77.037267 203.129882 1.036895 
0.193114 77.028113 203.162139 1.036760 
0.193181 77.030798 203.204769 1.036503 
0.193175 77.035391 203.238745 1.036667 
0.193267 77.034161 203.283432 1.036662 
0.193181 77.034457 203.320470 1.036713 
0.193680 77.039990 203.362178 1.036627 
0.193179 77.039936 203.401904 1.036700 
0.193280 77.043760 203.440022 1.036563 
0.193359 77.041854 203.473011 1.036551 
0.193415 77.032616 203.508862 1.036636 
0.193480 77.034293 203.549624 1.036884 
0.193472 77.036178 203.581557 1.036859 
0.193391 77.039906 203.629258 1.036874 
0.193438 77.041559 203.664921 1.036862 
0.193573 77.039665 203.703595 1.036958 
0.193250 77.048521 203.733988 1.036950 
0.193531 77.035190 203.774303 1.036768 
0.193316 77.036496 203.800211 1.037010 
0.193391 77.032716 203.852301 1.036964 
0.193208 77.034341 203.889228 1.036859 
0.193483 77.029145 203.920836 1.036957 
0.193558 77.034908 203.956921 1.036888 
0.193575 77.033626 203.985634 1.036839 
0.193461 77.036410 204.024477 1.036723 
0.193745 77.039736 204.058696 1.036774 
0.193514 77.031259 204.085493 1.036797 
0.193417 77.031545 204.115711 1.036702 
0.193664 77.038418 204.149781 1.036753 
0.193754 77.032604 204.168328 1.036660 
0.193668 77.038494 204.190413 1.036816 
0.193707 77.022528 204.209688 1.036821 
0.193765 77.026186 204.236436 1.036673 
0.193723 77.021568 204.258890 1.036882 
0.193811 77.036491 204.292941 1.036925 
0.193748 77.028494 204.318837 1.036896 
0.193942 77.025807 204.344030 1.037051 
0.194083 77.029267 204.371402 1.036730 
0.194027 77.029080 204.389158 1.036775 
0.194239 77.037330 204.428204 1.036949 
0.194108 77.022670 204.451770 1.036856 
0.194017 77.021234 204.483296 1.036909 
0.194286 77.023254 204.510491 1.036881 
0.194282 77.013398 204.527525 1.036829 
0.194355 77.019532 204.566433 1.036902 
0.194547 77.010420 204.590648 1.037003 
0.194090 77.010710 204.611545 1.036703 
0.194476 77.011598 204.640914 1.036897 
0.194659 77.014624 204.665481 1.037060 
0.194594 77.014359 204.693947 1.036862 
0.194744 77.021864 204.716573 1.036853 
0.194898 77.017148 204.742780 1.036760 
0.194757 77.023978 204.771437 1.036855 
0.195171 77.021516 204.792768 1.036866 
0.195098 77.021882 204.812142 1.036811 
0.195377 77.029386 204.828023 1.036838 
0.195034 77.015397 204.853367 1.036850 
0.195262 77.018429 204.872454 1.036868 
0.195401 77.022422 204.897852 1.036716 
0.195570 77.024529 204.922908 1.036460 
0.195491 77.023272 204.950817 1.036634 
0.195656 77.031928 204.973643 1.036707 
0.195306 77.036293 205.010570 1.036643 
0.195850 77.033282 205.034853 1.036632 
0.195560 77.037080 205.060144 1.036839 
0.195618 77.028305 205.089815 1.036784 
0.195751 77.035711 205.109990 1.036958 
0.195849 77.041954 205.144741 1.036794 
0.195617 77.040600 205.173084 1.036914 
0.195653 77.042674 205.197411 1.036908 
0.195569 77.049062 205.232582 1.036994 
0.195425 77.045830 205.256113 1.037003 
0.195531 77.049819 205.283492 1.036913 
0.195593 77.051799 205.313446 1.036801 
0.195270 77.052397 205.341796 1.036674 
0.195608 77.053538 205.372474 1.037015 
0.195284 77.052201 205.396526 1.036841 
0.195564 77.061291 205.426363 1.036807 
0.195356 77.047348 205.449141 1.036837 
0.195553 77.044345 205.475348 1.036910 
0.195748 77.056040 205.502247 1.036728 
0.195466 77.054046 205.518048 1.036687 
0.195439 77.055363 205.538974 1.036837 
0.195550 77.045889 205.562677 1.036856 
0.195363 77.056389 205.584308 1.036730 
0.195465 77.052393 205.611598 1.036802 
0.195493 77.056999 205.635133 1.036845 
0.195586 77.057841 205.655355 1.036845 
0.195493 77.050305 205.675891 1.036684 
0.195480 77.059759 205.701616 1.037008 
0.195530 77.060219 205.729104 1.036593 
0.195440 77.069447 205.743240 1.036956 
0.195293 77.059696 205.771803 1.036715 
0.195567 77.063168 205.786748 1.036959 
0.195274 77.064912 205.812336 1.036720 
0.195456 77.064256 205.826431 1.036623 
0.195411 77.064561 205.847880 1.036696 
0.195606 77.063605 205.871981 1.036666 
0.195466 77.049808 205.890620 1.036810 
0.195430 77.060047 205.919722 1.036700 
0.195512 77.057595 205.926215 1.036815 
0.195334 77.052765 205.954718 1.037002 
0.195206 77.058376 205.972811 1.036751 
0.195433 77.052825 205.998181 1.036818 
0.195510 77.053271 206.019951 1.036783 
0.195265 77.058350 206.042515 1.036873 
0.195262 77.056762 206.066718 1.036826 
0.195402 77.055436 206.099993 1.036815 
0.195258 77.044861 206.124549 1.036909 
0.195326 77.049798 206.151283 1.036860 
0.195404 77.054168 206.180235 1.036831 
0.195387 77.049585 206.203921 1.036739 
0.195349 77.050244 206.241361 1.036859 
0.195500 77.049772 206.264597 1.037051 
0.195283 77.050742 206.292382 1.037006 
0.195151 77.055537 206.334503 1.036867 
0.195416 77.055016 206.352824 1.036765 
0.195463 77.059390 206.375850 1.037023 
