0.155227 76.813393 178.375257 1.027709 
0.198212 76.807314 213.549127 1.027905 
0.198502 76.807193 213.579873 1.027727 
0.198142 76.811312 213.621033 1.027870 
0.198344 76.804288 213.664627 1.027912 
0.198006 76.804728 213.699734 1.027816 
0.198160 76.804611 213.729040 1.027916 
0.198419 76.803263 213.775508 1.027925 
0.198268 76.808925 213.810332 1.027780 
0.198121 76.811380 213.848148 1.027809 
0.198417 76.813477 213.887629 1.027957 
0.198220 76.812426 213.923650 1.027733 
0.198297 76.813526 213.960237 1.027918 
0.197938 76.808975 214.000792 1.027818 
0.198077 76.819973 214.032639 1.027916 
0.198002 76.819210 214.084376 1.027887 
0.198032 76.819120 214.116189 1.027844 
0.198002 76.823634 214.162092 1.027688 
0.197702 76.819126 214.208154 1.027830 
0.197946 76.824871 214.245548 1.027690 
0.197812 76.827077 214.289256 1.027831 
0.197731 76.830778 214.320053 1.027858 
0.197882 76.835608 214.363973 1.027842 
0.197745 76.822473 214.398695 1.027708 
0.197836 76.829222 214.427231 1.027829 
0.197728 76.821116 214.468467 1.027547 
0.197718 76.821214 214.508999 1.027622 
0.197930 76.820030 214.541071 1.027821 
0.197851 76.816109 214.583415 1.027897 
0.197858 76.817723 214.626132 1.027749 
0.197945 76.822705 214.663178 1.027794 
0.198029 76.822239 214.703823 1.027872 
0.197626 76.820421 214.749584 1.027777 
0.198091 76.822970 214.787463 1.027865 
0.197912 76.816522 214.824888 1.027679 
0.197904 76.821952 214.868547 1.027547 
0.197874 76.817724 214.907723 1.027754 
0.197922 76.815693 214.950573 1.027622 
0.197651 76.815607 214.993307 1.027573 
0.197810 76.814680 215.030967 1.027750 
0.198023 76.820501 215.072143 1.027686 
0.197777 76.822990 215.119482 1.027673 
0.197906 76.819900 215.160491 1.027629 
0.197672 76.821863 215.205985 1.027734 
0.198052 76.820240 215.248325 1.027733 
0.197645 76.824302 215.287443 1.027681 
0.197688 76.821170 215.329585 1.027799 
0.197544 76.824533 215.370190 1.027751 
0.197623 76.831937 215.404879 1.027672 
0.197561 76.827929 215.442167 1.027635 
0.197379 76.830134 215.486556 1.027659 
0.197870 76.826181 215.532743 1.027491 
0.197640 76.826133 215.562330 1.027779 
0.197640 76.829223 215.596958 1.027783 
0.197540 76.823593 215.632640 1.027710 
0.197364 76.821879 215.667225 1.027677 
0.197571 76.837844 215.707254 1.027749 
0.197633 76.837986 215.746510 1.027625 
0.197372 76.827843 215.785758 1.027701 
0.197362 76.826501 215.816304 1.027687 
0.197546 76.826189 215.862032 1.027671 
0.197533 76.838020 215.892220 1.027724 
0.197335 76.832253 215.932825 1.027851 
0.197266 76.827061 215.969015 1.027644 
0.197415 76.835604 216.007745 1.027704 
0.197374 76.834925 216.045857 1.027502 
0.197130 76.831742 216.080747 1.027677 
0.197382 76.836100 216.112572 1.027854 
0.197145 76.842522 216.148606 1.027653 
0.197243 76.840200 216.185508 1.027601 
0.197182 76.839499 216.209164 1.027625 
0.197347 76.838201 216.244688 1.027611 
0.197381 76.834536 216.284624 1.027596 
0.197401 76.848525 216.313539 1.027859 
0.197285 76.845668 216.345274 1.027731 
0.197540 76.844475 216.375658 1.027731 
0.197312 76.845670 216.405859 1.027779 
0.197418 76.848304 216.433887 1.027732 
0.197514 76.851181 216.472030 1.027732 
0.197580 76.850179 216.501566 1.027609 
0.197138 76.859819 216.530285 1.027657 
0.197425 76.855818 216.564966 1.027875 
0.197316 76.849712 216.592531 1.027611 
0.197377 76.855472 216.620771 1.027598 
0.197180 76.851597 216.645396 1.027611 
0.196810 76.859156 216.670442 1.027592 
0.197194 76.858827 216.709584 1.027507 
0.196977 76.857583 216.736426 1.027652 
0.196860 76.861140 216.760230 1.027723 
0.197012 76.859656 216.791069 1.027706 
0.197164 76.865420 216.817820 1.027687 
0.197119 76.860355 216.846736 1.027740 
0.197190 76.862489 216.863772 1.027653 
0.196888 76.859074 216.893383 1.027494 
0.197309 76.853092 216.921971 1.027757 
0.196786 76.854285 216.941426 1.027564 
0.197249 76.861684 216.972699 1.027762 
0.197139 76.861984 216.994063 1.027781 
0.197121 76.867365 217.023154 1.027461 
0.197161 76.860172 217.054869 1.027619 
0.197335 76.865647 217.075600 1.027614 
0.196999 76.857529 217.106074 1.027714 
0.196957 76.863476 217.131502 1.027811 
0.197132 76.856372 217.156143 1.027532 
0.197050 76.864169 217.181654 1.027488 
0.197068 76.853101 217.211035 1.027559 
0.196861 76.864706 217.232271 1.027656 
0.196646 76.857733 217.256542 1.027280 
0.196775 76.855891 217.279595 1.027625 
0.196827 76.860160 217.307558 1.027839 
0.196753 76.862487 217.343558 1.027863 
0.196757 76.856212 217.360726 1.027729 
0.196973 76.861630 217.380245 1.027606 
0.196863 76.856620 217.406186 1.027764 
0.196733 76.853838 217.426156 1.027713 
0.196636 76.862534 217.452365 1.027678 
0.197008 76.854577 217.477655 1.027761 
0.196703 76.857205 217.493687 1.027810 
0.196800 76.858865 217.516204 1.027948 
0.196621 76.859441 217.538967 1.027873 
0.196603 76.860307 217.556053 1.027851 
0.196946 76.863882 217.580897 1.027768 
0.196743 76.852713 217.604192 1.027739 
0.196684 76.861194 217.621173 1.027556 
0.196937 76.870149 217.649163 1.027927 
0.196757 76.867580 217.678524 1.027709 
0.197113 76.862383 217.695000 1.027631 
0.196942 76.864578 217.725230 1.027839 
0.196982 76.873759 217.745005 1.027918 
0.197036 76.875466 217.771228 1.027694 
0.196856 76.876165 217.807232 1.027765 
0.197123 76.884816 217.832680 1.027894 
0.197150 76.881784 217.858446 1.027738 
0.197276 76.882725 217.882225 1.027662 
0.197282 76.888368 217.909739 1.027844 
0.197213 76.892639 217.932960 1.027542 
0.197284 76.897124 217.956702 1.027612 
0.197224 76.899639 217.982339 1.027750 
0.197275 76.904116 218.004960 1.027679 
0.197432 76.902911 218.029949 1.027781 
0.197152 76.903182 218.052151 1.027710 
0.197177 76.903778 218.077530 1.027647 
0.197085 76.911349 218.096240 1.027459 
0.197178 76.908560 218.118853 1.027597 
0.197161 76.915072 218.146545 1.027750 
0.197161 76.907741 218.168124 1.027686 
0.197227 76.914350 218.182678 1.027674 
0.197382 76.916432 218.201315 1.027758 
0.197120 76.921160 218.237781 1.027793 
0.197503 76.913951 218.251616 1.027566 
0.197499 76.918636 218.273214 1.027643 
0.197620 76.920648 218.299799 1.027743 
0.197627 76.923726 218.317284 1.027634 
0.197738 76.921378 218.343143 1.027613 
0.197602 76.923133 218.366674 1.027545 
0.197955 76.923296 218.388720 1.027890 
0.197822 76.918784 218.410919 1.027798 
0.197848 76.924287 218.430384 1.027615 
0.198065 76.926743 218.462005 1.027618 
0.197914 76.928551 218.480211 1.027836 
0.197964 76.923204 218.512468 1.027873 
0.197992 76.924191 218.530305 1.027918 
0.198013 76.925545 218.552075 1.027908 
0.197998 76.928885 218.579121 1.027754 
0.198001 76.929002 218.604938 1.027705 
0.198104 76.928135 218.622058 1.027782 
0.198181 76.925928 218.653047 1.027643 
0.197998 76.929251 218.679075 1.027572 
0.197800 76.930594 218.706695 1.027565 
0.197902 76.926905 218.728887 1.027829 
0.197958 76.934173 218.750713 1.027758 
0.198176 76.928577 218.774606 1.027584 
0.198020 76.932549 218.798273 1.027698 
0.197886 76.926183 218.814870 1.027729 
0.197805 76.931172 218.848129 1.027730 
0.197989 76.935225 218.861296 1.027608 
0.198084 76.931951 218.888080 1.027667 
0.198058 76.932522 218.910910 1.027676 
0.198150 76.927007 218.933985 1.027703 
0.197918 76.928115 218.957384 1.027816 
0.197919 76.929328 218.979040 1.027704 
0.198049 76.926682 218.997231 1.027896 
0.197910 76.928903 219.019170 1.027837 
0.198053 76.934911 219.048723 1.027922 
0.197888 76.930211 219.072123 1.027821 
0.197976 76.935157 219.089611 1.027749 
0.197836 76.932856 219.107453 1.027843 
0.197776 76.938306 219.141424 1.027898 
0.197837 76.933277 219.155563 1.027910 
0.198039 76.929277 219.179759 1.027867 
0.197769 76.929548 219.199913 1.027673 
0.197593 76.934034 219.220509 1.027494 
0.197704 76.938109 219.245618 1.027751 
0.197613 76.931006 219.271951 1.027858 
0.197654 76.933799 219.287990 1.027734 
0.197513 76.929362 219.312930 1.027670 
0.197745 76.930951 219.330293 1.027882 
0.197521 76.928479 219.350595 1.027774 
0.197451 76.928023 219.375961 1.027618 
0.197594 76.921775 219.397560 1.027719 
