0.103729 74.864429 134.229889 1.027549 
0.148953 74.875648 160.147990 1.027599 
0.149053 74.877652 160.185359 1.027503 
0.148897 74.870748 160.230144 1.027631 
0.149078 74.874520 160.263989 1.027622 
0.149283 74.873695 160.305178 1.027631 
0.149156 74.867533 160.335119 1.027516 
0.149496 74.863883 160.378679 1.027636 
0.149440 74.864171 160.420691 1.027499 
0.149446 74.868308 160.446344 1.027526 
0.149542 74.867525 160.480861 1.027489 
0.149415 74.869871 160.515779 1.027647 
0.149696 74.868978 160.555352 1.027634 
0.149917 74.874572 160.581987 1.027584 
0.149872 74.875183 160.627427 1.027636 
0.149750 74.878305 160.645917 1.027465 
0.149954 74.881281 160.680478 1.027759 
0.150099 74.879078 160.711256 1.027507 
0.149894 74.871541 160.753647 1.027481 
0.150104 74.879271 160.782490 1.027545 
0.149900 74.879452 160.822160 1.027770 
0.150152 74.876672 160.859973 1.027690 
0.150058 74.873133 160.889967 1.027462 
0.150250 74.880603 160.931916 1.027572 
0.150179 74.874572 160.957785 1.027588 
0.150342 74.876154 160.999562 1.027432 
0.150419 74.874662 161.030000 1.027570 
0.150214 74.875329 161.068653 1.027465 
0.150281 74.879714 161.107489 1.027480 
0.150452 74.880957 161.123057 1.027640 
0.150366 74.875474 161.153660 1.027667 
0.150253 74.878472 161.189253 1.027663 
0.150545 74.878644 161.226658 1.027711 
0.150642 74.874478 161.246671 1.027628 
0.150210 74.874496 161.279632 1.027606 
0.150282 74.873371 161.312765 1.027781 
0.150292 74.875150 161.336375 1.027719 
0.150323 74.870280 161.363524 1.027663 
0.150077 74.865731 161.388618 1.027587 
0.150014 74.868476 161.417091 1.027494 
0.149837 74.868252 161.441804 1.027569 
0.149674 74.863152 161.459683 1.027452 
0.149871 74.870016 161.497099 1.027642 
0.149368 74.866794 161.524393 1.027803 
0.149443 74.870568 161.549259 1.027716 
0.149433 74.865780 161.570827 1.027664 
0.149332 74.875763 161.604543 1.027743 
0.149400 74.872234 161.626061 1.027530 
0.149108 74.866754 161.655026 1.027710 
0.149518 74.876011 161.682662 1.027695 
0.149361 74.875048 161.714159 1.027696 
0.149152 74.874496 161.744613 1.027609 
0.149142 74.882452 161.764745 1.027438 
0.149012 74.881561 161.800292 1.027634 
0.148913 74.882471 161.824362 1.027753 
0.149006 74.886535 161.855819 1.027742 
0.148871 74.887173 161.885930 1.027688 
0.148894 74.887843 161.920873 1.027413 
0.148732 74.888963 161.946232 1.027535 
0.148967 74.886991 161.975734 1.027491 
0.148737 74.887288 162.008466 1.027658 
0.148613 74.892219 162.035228 1.027715 
0.148728 74.894571 162.065262 1.027700 
0.148556 74.896771 162.090616 1.027725 
0.148525 74.902894 162.126672 1.027586 
0.148649 74.903611 162.147154 1.027610 
0.148638 74.903400 162.170327 1.027532 
0.148490 74.906579 162.205115 1.027642 
0.148479 74.906651 162.228638 1.027556 
0.148587 74.905891 162.263589 1.027730 
0.148582 74.908970 162.286970 1.027572 
0.148332 74.911142 162.312709 1.027555 
0.148233 74.907919 162.333805 1.027661 
0.148145 74.908997 162.365042 1.027559 
0.148261 74.908581 162.394660 1.027611 
0.148032 74.906671 162.426726 1.027782 
0.147847 74.912493 162.461201 1.027676 
0.147832 74.917492 162.481021 1.027632 
0.148215 74.911834 162.502286 1.027629 
0.147789 74.908378 162.536096 1.027812 
0.147864 74.908880 162.562580 1.027667 
0.147723 74.909175 162.593761 1.027356 
0.147691 74.912222 162.619022 1.027477 
0.147623 74.919138 162.651192 1.027487 
0.147563 74.909869 162.675150 1.027453 
0.147694 74.913976 162.697620 1.027444 
0.147588 74.911108 162.730174 1.027505 
0.147450 74.913256 162.756401 1.027538 
0.147366 74.912704 162.781864 1.027585 
0.147516 74.912749 162.803266 1.027630 
0.147430 74.912113 162.829310 1.027571 
0.147631 74.912569 162.852415 1.027669 
0.147394 74.903918 162.879676 1.027551 
0.147420 74.903368 162.906295 1.027490 
0.147410 74.905246 162.933138 1.027463 
0.147672 74.898076 162.952074 1.027659 
0.147482 74.902848 162.985904 1.027773 
0.147622 74.904164 163.005034 1.027761 
0.147897 74.902719 163.018423 1.027608 
0.147572 74.900186 163.049622 1.027486 
0.147435 74.907597 163.082142 1.027492 
0.147678 74.904274 163.101817 1.027512 
0.147734 74.905795 163.126138 1.027481 
0.147496 74.902803 163.153686 1.027590 
0.147405 74.906022 163.182874 1.027685 
0.147603 74.902725 163.202257 1.027572 
0.147698 74.909038 163.227816 1.027470 
0.147414 74.916744 163.258848 1.027585 
0.147644 74.919984 163.279207 1.027377 
0.147552 74.917674 163.312069 1.027593 
0.147278 74.913085 163.330462 1.027525 
0.147489 74.912582 163.354218 1.027720 
0.147419 74.918043 163.367549 1.027526 
0.147373 74.926544 163.392298 1.027526 
0.147334 74.918354 163.408387 1.027351 
0.147048 74.924875 163.435135 1.027470 
0.147290 74.927683 163.453818 1.027353 
0.147485 74.919701 163.472214 1.027531 
0.147001 74.925375 163.489049 1.027429 
0.147189 74.920491 163.511305 1.027545 
0.147352 74.921810 163.528225 1.027582 
0.147087 74.922315 163.543049 1.027743 
0.147277 74.932647 163.563017 1.027637 
0.147288 74.932358 163.582699 1.027568 
0.147375 74.931665 163.604858 1.027490 
0.147172 74.918897 163.614551 1.027405 
0.147233 74.920728 163.632984 1.027679 
0.147527 74.930803 163.646839 1.027660 
0.147223 74.936844 163.666134 1.027687 
0.147492 74.927999 163.688677 1.027643 
0.147404 74.928589 163.706527 1.027626 
0.147571 74.935050 163.714090 1.027674 
0.147438 74.928149 163.732335 1.027591 
0.147465 74.923269 163.740621 1.027496 
0.147446 74.933027 163.757063 1.027707 
0.147612 74.923460 163.778749 1.027830 
0.147558 74.929948 163.797865 1.027656 
0.147657 74.927074 163.809766 1.027525 
0.147648 74.917013 163.819036 1.027705 
0.147597 74.922454 163.839707 1.027717 
0.147966 74.926724 163.857643 1.027598 
0.147863 74.925718 163.866788 1.027637 
0.147727 74.932332 163.888698 1.027540 
0.147803 74.918817 163.905182 1.027581 
0.147908 74.921708 163.920238 1.027570 
0.148068 74.922242 163.943816 1.027784 
0.147917 74.926636 163.954931 1.027496 
0.147967 74.923242 163.973312 1.027677 
0.148136 74.924357 163.990718 1.027648 
0.147887 74.928349 164.006661 1.027716 
0.148275 74.928644 164.019344 1.027709 
0.148113 74.921920 164.040442 1.027761 
0.148104 74.924427 164.049695 1.027610 
0.148398 74.928355 164.066929 1.027709 
0.148251 74.923575 164.091508 1.027675 
0.148368 74.922516 164.099489 1.027619 
0.148255 74.922335 164.111174 1.027692 
0.148451 74.921090 164.124176 1.027552 
0.148570 74.917184 164.140984 1.027774 
0.148549 74.924475 164.153669 1.027619 
0.148435 74.922014 164.173167 1.027744 
0.148663 74.924159 164.182643 1.027687 
0.148562 74.926203 164.194870 1.027619 
0.148651 74.921101 164.213467 1.027642 
0.148771 74.925089 164.226672 1.027495 
0.148703 74.926790 164.242679 1.027574 
0.148737 74.933481 164.258876 1.027657 
0.148756 74.926168 164.265407 1.027682 
0.148581 74.929656 164.273056 1.027712 
0.148871 74.931834 164.292549 1.027429 
0.148700 74.935475 164.314329 1.027814 
0.148681 74.940778 164.324251 1.027538 
0.148621 74.937410 164.331698 1.027658 
0.148777 74.935446 164.348760 1.027541 
0.148743 74.938961 164.367146 1.027636 
0.148913 74.941139 164.382329 1.027702 
0.148897 74.945501 164.405276 1.027518 
0.148676 74.948791 164.419071 1.027576 
0.148817 74.951408 164.441138 1.027704 
0.149006 74.960951 164.454844 1.027639 
0.148707 74.954064 164.462172 1.027789 
0.148647 74.953006 164.485979 1.027527 
0.148804 74.957133 164.495329 1.027704 
0.148670 74.958509 164.514364 1.027678 
0.148724 74.955222 164.519350 1.027571 
0.148499 74.959011 164.548620 1.027500 
0.148576 74.963610 164.561187 1.027688 
0.148442 74.961678 164.569008 1.027455 
0.148464 74.960480 164.592847 1.027686 
0.148294 74.956151 164.611263 1.027768 
0.148451 74.956284 164.611911 1.027614 
0.148521 74.958195 164.623521 1.027658 
0.148590 74.962983 164.640179 1.027595 
0.148281 74.960008 164.654681 1.027611 
0.148515 74.968813 164.664716 1.027549 
0.148528 74.970084 164.675006 1.027746 
0.148585 74.972909 164.693579 1.027619 
0.148486 74.963367 164.708618 1.027695 
0.148714 74.963109 164.715548 1.027700 
0.148370 74.971805 164.736727 1.027574 
