0.195569 76.632029 214.487085 1.027749 
0.104574 76.786880 162.946032 1.027655 
0.104473 76.786817 162.830791 1.027583 
0.104283 76.783441 162.703395 1.027743 
0.104395 76.783339 162.586034 1.027759 
0.104202 76.778078 162.461795 1.027697 
0.104053 76.776824 162.332660 1.027789 
0.104036 76.777784 162.212379 1.027852 
0.104018 76.777191 162.092377 1.027659 
0.103861 76.770613 161.971728 1.027588 
0.103517 76.775052 161.854114 1.027659 
0.103541 76.774022 161.734046 1.027788 
0.103463 76.776174 161.610475 1.027618 
0.103444 76.769179 161.494104 1.027740 
0.103464 76.777740 161.378585 1.027789 
0.103365 76.775866 161.262703 1.027705 
0.103356 76.786355 161.143242 1.027753 
0.103462 76.778523 161.024399 1.027846 
0.103271 76.772522 160.911775 1.027698 
0.103322 76.778823 160.800575 1.027735 
0.103302 76.773655 160.692430 1.027783 
0.103297 76.773077 160.580339 1.027708 
0.103482 76.780098 160.467776 1.027832 
0.103236 76.772404 160.356110 1.028056 
0.103334 76.775453 160.246170 1.027760 
0.103116 76.771884 160.131416 1.027721 
0.103339 76.771189 160.021998 1.027711 
0.102989 76.773107 159.917288 1.027632 
0.103038 76.775197 159.804142 1.027848 
0.103091 76.775440 159.696242 1.027536 
0.103319 76.788953 159.584675 1.027835 
0.103075 76.784061 159.483564 1.027938 
0.103309 76.778832 159.376083 1.027781 
0.103272 76.779848 159.272981 1.027736 
0.103136 76.777077 159.163869 1.027562 
0.103347 76.773055 159.062687 1.027691 
0.103320 76.782943 158.955922 1.027948 
0.103491 76.780444 158.852533 1.027823 
0.103297 76.790625 158.746311 1.027802 
0.103497 76.787054 158.648827 1.027747 
0.103494 76.786265 158.535700 1.027661 
0.103526 76.792289 158.433536 1.027666 
0.103641 76.779540 158.334903 1.027733 
0.103764 76.784180 158.237652 1.027622 
0.103766 76.784305 158.129755 1.027609 
0.103570 76.788053 158.021606 1.027832 
0.103700 76.792814 157.927283 1.027689 
0.104025 76.791692 157.809923 1.027832 
0.103885 76.798350 157.714848 1.027856 
0.103946 76.787045 157.607778 1.027681 
0.103951 76.795999 157.510364 1.027714 
0.103879 76.799128 157.411974 1.027677 
0.103628 76.795795 157.303458 1.027757 
0.103955 76.792327 157.206763 1.027646 
0.104078 76.799911 157.106774 1.027764 
0.104158 76.800576 157.002547 1.027738 
0.103987 76.793385 156.901877 1.027817 
0.104467 76.793974 156.801126 1.027700 
0.104216 76.797330 156.698964 1.027802 
0.103919 76.793691 156.598321 1.027680 
0.104103 76.794707 156.493147 1.027802 
0.103990 76.797739 156.404518 1.027747 
0.104069 76.804603 156.309085 1.027850 
0.103815 76.801242 156.207460 1.027717 
0.104028 76.800114 156.109654 1.027753 
0.103973 76.800530 156.012207 1.027652 
0.103834 76.804389 155.917082 1.027680 
0.103745 76.807765 155.825596 1.027729 
0.103871 76.802448 155.734362 1.027746 
0.103865 76.798708 155.633680 1.027715 
0.103454 76.800083 155.541954 1.027792 
0.103551 76.805524 155.445595 1.027762 
0.103541 76.796589 155.359003 1.027837 
0.103606 76.806760 155.262670 1.027851 
0.103537 76.804124 155.174583 1.027816 
0.103466 76.815073 155.078691 1.027894 
0.103616 76.812355 154.991778 1.027877 
0.103299 76.808610 154.904623 1.027748 
0.103481 76.809609 154.816663 1.027663 
0.103374 76.815435 154.727256 1.027689 
0.103332 76.818366 154.643878 1.027564 
0.103206 76.810414 154.557293 1.027761 
0.103016 76.814422 154.465589 1.027634 
0.103260 76.818033 154.377829 1.027787 
0.103058 76.821751 154.291038 1.027833 
0.103065 76.825609 154.208569 1.027645 
0.103255 76.825067 154.116577 1.027577 
0.103107 76.825566 154.037368 1.027614 
0.102981 76.825222 153.952626 1.027730 
0.103081 76.831214 153.860703 1.027635 
0.103057 76.816447 153.773144 1.027611 
0.102961 76.826932 153.690217 1.027834 
0.103371 76.827539 153.601677 1.027603 
0.103004 76.831298 153.523821 1.027802 
0.103296 76.831695 153.438214 1.027614 
0.103118 76.831216 153.353147 1.027635 
0.103366 76.833341 153.269052 1.027856 
0.103408 76.832838 153.195270 1.027834 
0.103374 76.831804 153.105093 1.027626 
0.103416 76.831570 153.020561 1.027562 
0.103426 76.839073 152.943714 1.027627 
0.103600 76.837976 152.850057 1.027545 
0.103191 76.842237 152.773108 1.027743 
0.103481 76.845021 152.701430 1.027704 
0.103299 76.845279 152.626083 1.027696 
0.103326 76.844740 152.540904 1.027742 
0.103299 76.850108 152.466226 1.027788 
0.103569 76.857803 152.388665 1.027635 
0.103285 76.856576 152.310237 1.027733 
0.103260 76.856958 152.232124 1.027800 
0.103281 76.856245 152.166650 1.027873 
0.103053 76.854700 152.078763 1.027583 
0.103356 76.861935 152.003088 1.027700 
0.103381 76.864805 151.933311 1.027701 
0.103367 76.861165 151.851781 1.027790 
0.103199 76.864823 151.780865 1.027604 
0.103318 76.858814 151.705648 1.027735 
0.103455 76.858877 151.637219 1.027916 
0.103276 76.856338 151.560627 1.027550 
0.103364 76.860781 151.489165 1.027645 
0.103288 76.863763 151.412799 1.027828 
0.103349 76.864819 151.347521 1.027866 
0.103440 76.865883 151.271752 1.027706 
0.103194 76.855759 151.202048 1.027811 
0.103370 76.854843 151.129473 1.027861 
0.103189 76.862371 151.054399 1.027813 
0.103149 76.859146 150.980740 1.027791 
0.103013 76.861319 150.914157 1.027910 
0.103054 76.862021 150.849741 1.027786 
0.103080 76.863165 150.766757 1.027780 
0.102753 76.868821 150.708801 1.027659 
0.102704 76.863278 150.634304 1.027957 
0.102928 76.860407 150.566655 1.027935 
0.102804 76.862446 150.500724 1.027648 
0.102713 76.858526 150.445754 1.027694 
0.102625 76.857131 150.372243 1.027725 
0.102811 76.864395 150.306624 1.027738 
0.102918 76.855486 150.252141 1.027480 
0.102933 76.849132 150.190042 1.027625 
0.102957 76.843997 150.136659 1.027662 
0.102757 76.838876 150.077569 1.027715 
0.102897 76.838999 150.031045 1.027727 
0.102885 76.832739 149.967674 1.027754 
0.102847 76.832593 149.919922 1.027570 
0.102851 76.828958 149.860795 1.027643 
0.102879 76.830064 149.809545 1.027806 
0.102786 76.819286 149.763352 1.027599 
0.102909 76.822776 149.710055 1.027781 
0.102775 76.818791 149.670989 1.027643 
0.102998 76.828947 149.613193 1.027535 
0.102791 76.813280 149.570345 1.027667 
0.102693 76.819117 149.524110 1.027755 
0.102870 76.816515 149.476227 1.027508 
0.103062 76.820280 149.430972 1.027864 
0.102719 76.818734 149.388725 1.027773 
0.103061 76.819543 149.342826 1.027542 
0.102877 76.818150 149.300812 1.027678 
0.102956 76.815283 149.256863 1.027593 
0.102981 76.819587 149.211025 1.027578 
0.102894 76.817985 149.170122 1.027620 
0.102960 76.821911 149.125811 1.027647 
0.103008 76.820453 149.085025 1.027665 
0.103299 76.815420 149.034924 1.027583 
0.103123 76.822495 148.992976 1.027715 
0.102951 76.820019 148.948154 1.027887 
0.102979 76.822256 148.903160 1.027721 
0.103313 76.822339 148.864427 1.027958 
0.103116 76.815000 148.814492 1.027811 
0.103031 76.814215 148.765151 1.028029 
0.102951 76.820499 148.717611 1.027667 
0.103079 76.823522 148.668153 1.027760 
0.103085 76.822827 148.616341 1.027761 
0.103135 76.820503 148.573496 1.027835 
0.102943 76.820662 148.527738 1.027874 
0.103035 76.822648 148.473779 1.027832 
0.103168 76.826756 148.422362 1.027668 
0.103076 76.820201 148.372825 1.027850 
0.103117 76.821101 148.330302 1.027888 
0.103109 76.820590 148.270588 1.027791 
0.102847 76.830889 148.216493 1.027835 
0.103148 76.820814 148.163973 1.027881 
0.103047 76.824429 148.110494 1.027692 
0.103074 76.821269 148.059026 1.027750 
0.102881 76.819655 147.999136 1.027791 
0.102593 76.827429 147.960659 1.027696 
0.102733 76.825274 147.897700 1.027840 
0.102577 76.820315 147.839368 1.027706 
0.102467 76.827171 147.785626 1.027656 
0.102513 76.828180 147.734971 1.027626 
0.102555 76.826952 147.683780 1.027968 
0.102192 76.825994 147.625417 1.027901 
0.102259 76.828124 147.574486 1.027834 
0.102202 76.827787 147.514941 1.027769 
0.102504 76.825151 147.471596 1.027696 
0.102223 76.823271 147.412587 1.027659 
0.102201 76.821301 147.367749 1.027654 
0.102363 76.821913 147.312889 1.027716 
0.102204 76.819394 147.252724 1.027634 
0.102321 76.815673 147.212402 1.027618 
0.102312 76.815305 147.156085 1.027974 
