0.103849 76.260408 144.426153 1.027504 
0.147874 76.289684 165.166014 1.027776 
0.147380 76.284536 165.211449 1.027782 
0.147673 76.295242 165.252526 1.027684 
0.147615 76.302721 165.279807 1.027761 
0.147545 76.298687 165.321777 1.027779 
0.147648 76.303062 165.359557 1.027680 
0.147729 76.306117 165.393515 1.027911 
0.147597 76.304686 165.435916 1.027810 
0.147637 76.304612 165.466795 1.027726 
0.147719 76.309540 165.511103 1.027701 
0.147414 76.306418 165.542687 1.027840 
0.147433 76.307206 165.578808 1.027556 
0.147400 76.300752 165.621741 1.027899 
0.147471 76.305655 165.658298 1.027685 
0.147219 76.310415 165.686233 1.027643 
0.146965 76.310578 165.722246 1.027564 
0.147094 76.314172 165.761193 1.027598 
0.147142 76.314912 165.792229 1.027559 
0.146807 76.309594 165.832235 1.027795 
0.146963 76.313161 165.861087 1.027673 
0.146905 76.313527 165.891693 1.027962 
0.147151 76.313445 165.935539 1.027779 
0.146772 76.311006 165.956742 1.027775 
0.146867 76.319638 165.998976 1.027587 
0.147287 76.314690 166.026015 1.027796 
0.146828 76.312841 166.058629 1.027741 
0.146949 76.314478 166.093820 1.027779 
0.147059 76.316042 166.124754 1.027653 
0.146891 76.324195 166.150267 1.027865 
0.146649 76.323563 166.182873 1.027693 
0.146839 76.316206 166.207187 1.027817 
0.146764 76.313911 166.236238 1.027855 
0.146843 76.301735 166.269315 1.027721 
0.146873 76.303653 166.298087 1.027577 
0.146702 76.301760 166.329057 1.027838 
0.146727 76.300946 166.361310 1.027828 
0.146895 76.306221 166.384687 1.027742 
0.146838 76.295126 166.422747 1.027599 
0.146789 76.294454 166.454222 1.027692 
0.146445 76.285588 166.476770 1.027522 
0.146791 76.291563 166.508071 1.027646 
0.146722 76.282180 166.533505 1.027548 
0.146518 76.285416 166.562976 1.027593 
0.146595 76.285540 166.584848 1.027605 
0.146711 76.277408 166.617382 1.027779 
0.146602 76.284272 166.629739 1.027657 
0.146467 76.277521 166.656932 1.027588 
0.146688 76.276542 166.693765 1.027558 
0.146405 76.277085 166.709858 1.027817 
0.146702 76.269095 166.736812 1.027750 
0.146420 76.272741 166.760512 1.027870 
0.146517 76.280790 166.780767 1.027538 
0.146410 76.265961 166.802983 1.027620 
0.146376 76.274864 166.836339 1.027758 
0.146410 76.276605 166.857214 1.027824 
0.146440 76.274211 166.878909 1.027742 
0.146459 76.275213 166.906618 1.027788 
0.146546 76.277684 166.928155 1.027659 
0.146284 76.278632 166.953872 1.027823 
0.146366 76.269138 166.977337 1.027586 
0.146552 76.277210 167.009293 1.027973 
0.146605 76.281213 167.028129 1.027661 
0.146714 76.283678 167.050982 1.027748 
0.146560 76.280941 167.079406 1.027804 
0.146515 76.282520 167.104188 1.027587 
0.146531 76.285807 167.133722 1.027734 
0.146765 76.290973 167.160222 1.027698 
0.146772 76.283746 167.187401 1.027654 
0.146930 76.287942 167.212376 1.027576 
0.147043 76.292517 167.240400 1.027717 
0.146755 76.290732 167.268786 1.027643 
0.147034 76.292396 167.289578 1.027546 
0.146852 76.287611 167.317434 1.027608 
0.147197 76.302651 167.347459 1.027729 
0.146976 76.298700 167.374787 1.027677 
0.147058 76.296659 167.396491 1.027678 
0.146974 76.303500 167.426113 1.027697 
0.146755 76.306937 167.458518 1.027555 
0.146888 76.297406 167.469994 1.027829 
0.146958 76.296271 167.508596 1.027804 
0.147000 76.300748 167.533154 1.027717 
0.146769 76.303033 167.551943 1.027887 
0.147036 76.303834 167.577263 1.027790 
0.147002 76.302112 167.608034 1.027710 
0.147018 76.305174 167.625618 1.027858 
0.147161 76.305217 167.656423 1.027812 
0.146888 76.305667 167.679096 1.027869 
0.146891 76.302411 167.698141 1.027664 
0.146855 76.302502 167.725185 1.027852 
0.146995 76.303485 167.737485 1.027719 
0.146734 76.303293 167.758673 1.027674 
0.146799 76.308770 167.781472 1.027842 
0.146718 76.309796 167.811243 1.027674 
0.146549 76.315450 167.824415 1.027772 
0.146594 76.320024 167.851722 1.027696 
0.146735 76.314900 167.864955 1.027813 
0.146626 76.319804 167.882440 1.027692 
0.146657 76.326619 167.898086 1.027964 
0.146990 76.317596 167.925881 1.027843 
0.146636 76.321258 167.948858 1.027633 
0.146877 76.323283 167.961382 1.027718 
0.146695 76.321720 167.979617 1.027802 
0.146979 76.317402 167.997649 1.027916 
0.147230 76.311805 168.017819 1.027870 
0.147233 76.320765 168.038286 1.027775 
0.147309 76.327289 168.051447 1.027812 
0.147105 76.328225 168.070818 1.027792 
0.147542 76.328084 168.082349 1.027888 
0.147576 76.325549 168.110434 1.027664 
0.147794 76.322755 168.123910 1.027668 
0.147644 76.328863 168.144179 1.027755 
0.147861 76.333877 168.152472 1.027675 
0.147696 76.322810 168.171392 1.027731 
0.147660 76.327508 168.188928 1.027584 
0.147925 76.321917 168.201064 1.027710 
0.147811 76.327349 168.219445 1.027627 
0.148299 76.320535 168.241320 1.027615 
0.147881 76.321369 168.250418 1.027568 
0.148385 76.318933 168.266129 1.027596 
0.148223 76.320424 168.280432 1.027613 
0.148151 76.316656 168.297935 1.027613 
0.148085 76.317536 168.319676 1.027754 
0.148404 76.315385 168.333876 1.027766 
0.148447 76.321526 168.340115 1.027728 
0.148383 76.322287 168.359234 1.027804 
0.148598 76.319963 168.376398 1.027648 
0.148355 76.314793 168.396349 1.027642 
0.148571 76.319965 168.406907 1.027599 
0.148562 76.309509 168.425484 1.027588 
0.148690 76.309085 168.447627 1.027803 
0.148957 76.300506 168.458078 1.027612 
0.148685 76.310633 168.473462 1.027705 
0.148952 76.310967 168.489263 1.027688 
0.148813 76.306846 168.511781 1.027582 
0.148860 76.310300 168.525582 1.027553 
0.148964 76.297415 168.546106 1.027727 
0.148883 76.297823 168.562781 1.027655 
0.149163 76.302239 168.584195 1.027888 
0.149289 76.298147 168.594967 1.027701 
0.149241 76.295225 168.612596 1.027683 
0.149256 76.295510 168.643897 1.027546 
0.149193 76.302660 168.648116 1.027645 
0.149293 76.299859 168.663348 1.027568 
0.149539 76.294467 168.677178 1.027587 
0.149513 76.301404 168.701665 1.027572 
0.149502 76.291874 168.713898 1.027441 
0.149938 76.290902 168.735879 1.027455 
0.149533 76.299866 168.745288 1.027545 
0.149737 76.299040 168.760156 1.027859 
0.149454 76.294573 168.776963 1.027664 
0.149334 76.295132 168.796952 1.027824 
0.149738 76.295858 168.810466 1.027660 
0.149373 76.298917 168.824987 1.027620 
0.149629 76.300681 168.845600 1.027746 
0.149439 76.302816 168.849127 1.027511 
0.149451 76.299433 168.865745 1.027713 
0.149435 76.300410 168.882219 1.027652 
0.149557 76.305050 168.895388 1.027603 
0.149506 76.305021 168.905496 1.027814 
0.149577 76.313012 168.924308 1.027654 
0.149701 76.316539 168.940544 1.027846 
0.149846 76.314104 168.955117 1.027783 
0.149562 76.315757 168.965082 1.027613 
0.149894 76.319543 168.991212 1.027792 
0.149846 76.321632 168.998547 1.027596 
0.149712 76.322348 169.005844 1.027665 
0.149479 76.318080 169.029205 1.027699 
0.149643 76.321142 169.034580 1.027712 
0.149727 76.326945 169.046641 1.027756 
0.149628 76.323629 169.063020 1.027583 
0.149447 76.324394 169.082206 1.027640 
0.149731 76.328892 169.084096 1.027724 
0.149689 76.327600 169.102112 1.027699 
0.149538 76.324531 169.118708 1.027695 
0.149688 76.324575 169.131553 1.027894 
0.149485 76.315889 169.145134 1.027704 
0.149458 76.320941 169.160072 1.027818 
0.149339 76.317989 169.174039 1.027734 
0.149195 76.313427 169.191890 1.027743 
0.149247 76.314522 169.206051 1.027680 
0.149232 76.314644 169.229226 1.027822 
0.149132 76.312932 169.235983 1.027720 
0.148963 76.309766 169.254108 1.027638 
0.149121 76.308300 169.268698 1.027553 
0.149205 76.308870 169.286231 1.027845 
0.149076 76.310283 169.303650 1.027852 
0.148828 76.304760 169.323142 1.027589 
0.148878 76.311690 169.342238 1.027448 
0.148859 76.309926 169.349193 1.027555 
0.148931 76.303828 169.364839 1.027548 
0.148806 76.302899 169.381874 1.027543 
0.148661 76.304237 169.386128 1.027588 
0.148545 76.302987 169.409304 1.027537 
0.148732 76.312036 169.424944 1.027655 
0.148560 76.303535 169.431241 1.027699 
0.148511 76.306843 169.454033 1.027697 
0.148333 76.305271 169.460274 1.027651 
0.148456 76.309732 169.474816 1.027659 
0.148328 76.303813 169.490135 1.027557 
