0.192275 75.987026 207.367253 1.027425 
0.108144 76.301591 157.735327 1.027464 
0.108098 76.293739 157.643435 1.027510 
0.108422 76.295130 157.542349 1.027597 
0.108222 76.295123 157.438641 1.027326 
0.108228 76.291638 157.347653 1.027553 
0.108287 76.292715 157.243794 1.027386 
0.108259 76.292404 157.148609 1.027713 
0.108140 76.290877 157.065049 1.027421 
0.108194 76.293980 156.968725 1.027586 
0.108194 76.292185 156.876148 1.027586 
0.108158 76.295440 156.778614 1.027539 
0.108229 76.293882 156.685956 1.027437 
0.108095 76.289389 156.591962 1.027589 
0.108094 76.281882 156.496699 1.027676 
0.108076 76.285714 156.407871 1.027538 
0.107876 76.288169 156.313521 1.027604 
0.107730 76.284971 156.221307 1.027448 
0.108000 76.283398 156.128152 1.027518 
0.107786 76.290763 156.032624 1.027379 
0.107884 76.288622 155.947915 1.027254 
0.107727 76.284745 155.850781 1.027443 
0.107966 76.293798 155.756365 1.027388 
0.107735 76.289291 155.667695 1.027277 
0.107655 76.288779 155.579185 1.027380 
0.107541 76.284911 155.498375 1.027480 
0.107438 76.285606 155.403327 1.027464 
0.107671 76.285364 155.304922 1.027213 
0.107486 76.292531 155.231928 1.027372 
0.107781 76.279065 155.141999 1.027646 
0.107433 76.278292 155.057546 1.027414 
0.107387 76.282254 154.962235 1.027616 
0.107405 76.275709 154.882347 1.027503 
0.107369 76.278266 154.800424 1.027692 
0.107397 76.272991 154.719739 1.027443 
0.107506 76.279706 154.632661 1.027521 
0.107126 76.280604 154.558870 1.027545 
0.107542 76.277144 154.472899 1.027546 
0.107068 76.279271 154.391247 1.027437 
0.107370 76.280545 154.306637 1.027393 
0.107167 76.280636 154.228304 1.027570 
0.107399 76.281734 154.144816 1.027513 
0.107185 76.282275 154.072586 1.027486 
0.107403 76.286916 153.989987 1.027470 
0.107517 76.288918 153.901894 1.027403 
0.107144 76.287781 153.825104 1.027335 
0.107347 76.291663 153.747151 1.027676 
0.107322 76.298931 153.671623 1.027414 
0.107203 76.290723 153.597544 1.027528 
0.107453 76.291578 153.511420 1.027580 
0.107520 76.294274 153.432684 1.027535 
0.107386 76.299973 153.355900 1.027626 
0.107291 76.297295 153.286673 1.027653 
0.107649 76.299898 153.203326 1.027735 
0.107608 76.293470 153.128053 1.027427 
0.107399 76.300358 153.046662 1.027662 
0.108033 76.297262 152.978645 1.027606 
0.107680 76.298120 152.896674 1.027432 
0.107523 76.292264 152.827916 1.027542 
0.107951 76.294767 152.750872 1.027559 
0.108020 76.300885 152.674825 1.027392 
0.107745 76.290239 152.603473 1.027474 
0.108215 76.301632 152.536561 1.027491 
0.108108 76.299580 152.462938 1.027527 
0.108192 76.296227 152.390514 1.027556 
0.108114 76.300783 152.322711 1.027655 
0.108268 76.305770 152.249678 1.027455 
0.108047 76.300986 152.180662 1.027682 
0.108105 76.295452 152.107567 1.027680 
0.108134 76.300626 152.042912 1.027612 
0.108111 76.301204 151.970588 1.027851 
0.108177 76.304559 151.895292 1.027561 
0.107904 76.305283 151.821551 1.027522 
0.108189 76.306923 151.756827 1.027579 
0.108070 76.310195 151.686137 1.027332 
0.107895 76.308985 151.622681 1.027755 
0.108133 76.306279 151.555170 1.027492 
0.108128 76.314540 151.497183 1.027718 
0.108232 76.307521 151.426985 1.027633 
0.107927 76.307989 151.366403 1.027531 
0.107996 76.307959 151.297125 1.027311 
0.108169 76.317759 151.238881 1.027634 
0.108147 76.315283 151.170400 1.027633 
0.108173 76.315717 151.104477 1.027587 
0.108050 76.312017 151.050836 1.027606 
0.108179 76.315361 150.985747 1.027725 
0.107823 76.310303 150.925628 1.027626 
0.107894 76.307544 150.855632 1.027605 
0.107990 76.302196 150.794204 1.027500 
0.107949 76.301914 150.733535 1.027538 
0.108069 76.303242 150.667598 1.027523 
0.107970 76.303531 150.613507 1.027568 
0.107901 76.301374 150.550437 1.027549 
0.107940 76.296319 150.485327 1.027455 
0.107847 76.291031 150.420410 1.027489 
0.108181 76.292359 150.362467 1.027443 
0.107846 76.288823 150.302700 1.027537 
0.108098 76.280862 150.244866 1.027591 
0.108124 76.280210 150.178093 1.027660 
0.108218 76.283330 150.117225 1.027582 
0.108194 76.280249 150.054669 1.027640 
0.108468 76.275871 149.994864 1.027621 
0.108288 76.275237 149.930622 1.027497 
0.108595 76.275348 149.868299 1.027446 
0.108432 76.270797 149.800842 1.027420 
0.108380 76.276996 149.742994 1.027464 
0.108386 76.268231 149.669149 1.027768 
0.108363 76.264061 149.603937 1.027540 
0.108193 76.267471 149.538390 1.027620 
0.108480 76.271417 149.479137 1.027573 
0.108576 76.271411 149.408276 1.027549 
0.108295 76.273939 149.340429 1.027657 
0.108614 76.272427 149.282445 1.027396 
0.108186 76.273248 149.210970 1.027548 
0.108522 76.267936 149.146031 1.027461 
0.108094 76.271651 149.078189 1.027575 
0.108137 76.270527 149.017771 1.027486 
0.108104 76.277758 148.950391 1.027561 
0.108267 76.272127 148.887796 1.027493 
0.108316 76.263565 148.818183 1.027451 
0.107966 76.276589 148.758999 1.027356 
0.108024 76.271509 148.689626 1.027378 
0.107752 76.277078 148.622588 1.027532 
0.107999 76.271335 148.570766 1.027573 
0.107742 76.265864 148.501735 1.027528 
0.107894 76.268252 148.437583 1.027416 
0.107498 76.270537 148.378004 1.027558 
0.107374 76.274916 148.319185 1.027572 
0.107384 76.269105 148.252797 1.027441 
0.107154 76.272065 148.190805 1.027692 
0.107069 76.275325 148.135703 1.027392 
0.107029 76.267373 148.080073 1.027288 
0.107077 76.272816 148.020194 1.027548 
0.106935 76.278351 147.956716 1.027508 
0.106820 76.275651 147.900227 1.027461 
0.106617 76.278148 147.838119 1.027529 
0.106646 76.270795 147.775824 1.027641 
0.106692 76.273155 147.717692 1.027579 
0.106655 76.267350 147.660294 1.027693 
0.106362 76.274683 147.596271 1.027707 
0.106481 76.274230 147.542128 1.027745 
0.106428 76.272450 147.478435 1.027625 
0.106392 76.272621 147.425227 1.027536 
0.106428 76.271414 147.363697 1.027541 
0.106182 76.268796 147.306636 1.027609 
0.106169 76.270568 147.245096 1.027503 
0.105713 76.271659 147.190140 1.027662 
0.106089 76.273495 147.132774 1.027580 
0.105816 76.279221 147.074103 1.027676 
0.105996 76.273834 147.012002 1.027596 
0.105635 76.285684 146.953762 1.027709 
0.105703 76.285896 146.899486 1.027742 
0.105587 76.284380 146.835857 1.027756 
0.105587 76.285516 146.783072 1.027600 
0.105491 76.293194 146.735663 1.027575 
0.105604 76.292143 146.681498 1.027679 
0.105591 76.289528 146.618424 1.027638 
0.105432 76.297015 146.570680 1.027552 
0.105503 76.290141 146.515304 1.027696 
0.105460 76.289972 146.459464 1.027617 
0.105603 76.293984 146.399989 1.027671 
0.105559 76.287990 146.345526 1.027326 
0.105398 76.296014 146.287750 1.027505 
0.105552 76.293337 146.240495 1.027508 
0.105607 76.291462 146.179830 1.027537 
0.105299 76.295785 146.122069 1.027470 
0.105475 76.297953 146.075783 1.027585 
0.105335 76.293508 146.017361 1.027611 
0.105233 76.290020 145.959327 1.027577 
0.105264 76.294514 145.909922 1.027636 
0.105141 76.293188 145.872419 1.027548 
0.105010 76.281061 145.808106 1.027492 
0.105041 76.286278 145.752116 1.027502 
0.105128 76.282369 145.699163 1.027665 
0.105272 76.286494 145.647101 1.027742 
0.104934 76.289221 145.594932 1.027525 
0.105077 76.290109 145.546919 1.027661 
0.104890 76.286309 145.492476 1.027694 
0.104952 76.278942 145.436673 1.027605 
0.104815 76.286867 145.385343 1.027525 
0.105029 76.289385 145.335404 1.027576 
0.104878 76.283912 145.283151 1.027582 
0.104813 76.281220 145.237695 1.027758 
0.104927 76.276214 145.189397 1.027721 
0.104791 76.279311 145.141463 1.027545 
0.104785 76.276234 145.092798 1.027513 
0.104566 76.273108 145.041255 1.027627 
0.104531 76.270200 145.003117 1.027527 
0.104664 76.267145 144.953528 1.027562 
0.104485 76.276521 144.907165 1.027574 
0.104470 76.267149 144.867294 1.027610 
0.104220 76.273350 144.812492 1.027699 
0.104100 76.270920 144.775272 1.027625 
0.104470 76.267608 144.723667 1.027707 
0.104158 76.270407 144.678175 1.027570 
0.104131 76.270180 144.636914 1.027536 
0.104081 76.265230 144.592361 1.027587 
0.104106 76.270872 144.546702 1.027688 
0.103698 76.280552 144.507234 1.027611 
0.104034 76.273583 144.470800 1.027383 
