0.148462 74.969592 164.730666 1.027651 
0.201197 75.080527 200.370608 1.027454 
0.200892 75.075808 200.429820 1.027509 
0.200926 75.078037 200.485908 1.027791 
0.201063 75.080989 200.532034 1.027554 
0.200654 75.085539 200.587211 1.027472 
0.200924 75.089171 200.639126 1.027795 
0.200606 75.089232 200.697974 1.027641 
0.200406 75.085863 200.743462 1.027615 
0.200476 75.089364 200.797612 1.027628 
0.200315 75.086264 200.852590 1.027488 
0.200288 75.081076 200.907122 1.027502 
0.200429 75.083773 200.956460 1.027757 
0.200361 75.079400 201.007992 1.027440 
0.200417 75.083830 201.061867 1.027576 
0.200066 75.079241 201.115722 1.027977 
0.200057 75.085148 201.165075 1.027581 
0.199785 75.090979 201.210654 1.027768 
0.199783 75.083470 201.272990 1.027492 
0.200058 75.079086 201.314914 1.027487 
0.199870 75.085363 201.374129 1.027527 
0.199654 75.089325 201.416784 1.027309 
0.199937 75.093129 201.475379 1.027494 
0.199719 75.094759 201.527047 1.027699 
0.199865 75.092216 201.582181 1.027591 
0.199817 75.099095 201.636460 1.027514 
0.199816 75.102312 201.697053 1.027546 
0.199690 75.106921 201.743384 1.027501 
0.199991 75.104611 201.806183 1.027440 
0.199742 75.109620 201.855170 1.027513 
0.200140 75.103621 201.909844 1.027528 
0.199766 75.112486 201.963197 1.027458 
0.199818 75.108702 202.012632 1.027434 
0.200107 75.112279 202.061890 1.027418 
0.200032 75.110656 202.106413 1.027394 
0.200040 75.112299 202.157888 1.027353 
0.199906 75.113928 202.207606 1.027566 
0.200035 75.111248 202.255455 1.027532 
0.199990 75.107029 202.306119 1.027707 
0.200247 75.116701 202.354453 1.027515 
0.200147 75.112928 202.413238 1.027759 
0.200285 75.120811 202.449025 1.027536 
0.200367 75.114882 202.505545 1.027474 
0.200008 75.120598 202.549864 1.027442 
0.200274 75.118340 202.601475 1.027585 
0.200184 75.113410 202.646849 1.027405 
0.200394 75.118783 202.692791 1.027368 
0.200090 75.112499 202.738714 1.027365 
0.200052 75.119030 202.780567 1.027285 
0.200107 75.115301 202.826424 1.027384 
0.199878 75.112166 202.872797 1.027632 
0.199868 75.113442 202.915357 1.027504 
0.199958 75.116546 202.960800 1.027638 
0.200089 75.116439 203.004355 1.027832 
0.199861 75.110326 203.054942 1.027541 
0.199711 75.112495 203.097460 1.027481 
0.200087 75.116724 203.146653 1.027529 
0.199627 75.118426 203.189203 1.027586 
0.199846 75.118388 203.234948 1.027617 
0.199684 75.119601 203.282383 1.027627 
0.199457 75.124854 203.321748 1.027536 
0.199903 75.120662 203.359345 1.027582 
0.199585 75.117660 203.396547 1.027712 
0.199657 75.121494 203.441871 1.027682 
0.199578 75.124499 203.488732 1.027456 
0.199711 75.116942 203.534612 1.027703 
0.199375 75.125528 203.581734 1.027816 
0.199790 75.126496 203.623221 1.027637 
0.199460 75.125789 203.663834 1.027736 
0.199787 75.120887 203.705370 1.027555 
0.199604 75.126440 203.752175 1.027586 
0.199721 75.128807 203.796636 1.027666 
0.199656 75.126509 203.843565 1.027510 
0.199504 75.130942 203.879369 1.027512 
0.199648 75.131183 203.934512 1.027445 
0.199631 75.131215 203.974018 1.027274 
0.199784 75.131369 204.011032 1.027476 
0.199680 75.130604 204.058239 1.027531 
0.199430 75.127771 204.093175 1.027710 
0.199446 75.134038 204.135832 1.027712 
0.199314 75.136605 204.171539 1.027543 
0.199444 75.142331 204.209654 1.027875 
0.199422 75.138470 204.247328 1.027630 
0.199520 75.138452 204.289660 1.027916 
0.199629 75.139331 204.327449 1.027617 
0.199436 75.136962 204.369835 1.027532 
0.199446 75.139402 204.410714 1.027574 
0.199462 75.148219 204.448308 1.027569 
0.199601 75.139943 204.483540 1.027583 
0.199472 75.137789 204.524324 1.027677 
0.199415 75.143783 204.566954 1.027680 
0.199455 75.146673 204.607482 1.027604 
0.199394 75.143648 204.644860 1.027690 
0.199332 75.154411 204.684435 1.027483 
0.199231 75.150527 204.723596 1.027489 
0.199209 75.150945 204.765531 1.027556 
0.199306 75.149522 204.797788 1.027301 
0.198959 75.158566 204.840234 1.027388 
0.199097 75.164290 204.874623 1.027481 
0.198950 75.161511 204.909404 1.027351 
0.198909 75.157026 204.946338 1.027757 
0.199060 75.159023 204.981817 1.027438 
0.198663 75.169453 205.024949 1.027263 
0.198990 75.155436 205.052080 1.027593 
0.198739 75.158081 205.093316 1.027480 
0.198877 75.164186 205.124714 1.027364 
0.198826 75.159982 205.159952 1.027346 
0.198841 75.164460 205.188711 1.027577 
0.198629 75.162488 205.232080 1.027682 
0.198718 75.163176 205.258779 1.027637 
0.198749 75.163373 205.288381 1.027610 
0.198623 75.158487 205.334390 1.027655 
0.198728 75.157627 205.358866 1.027688 
0.198555 75.162227 205.395577 1.027831 
0.198320 75.158435 205.423301 1.027839 
0.198262 75.160248 205.453175 1.027580 
0.198229 75.158387 205.476030 1.027627 
0.198249 75.150519 205.508963 1.027651 
0.198115 75.154624 205.539683 1.027649 
0.198097 75.153895 205.565792 1.027676 
0.198380 75.151725 205.593244 1.027639 
0.197913 75.147830 205.608951 1.027682 
0.197673 75.141287 205.647519 1.027611 
0.197883 75.144327 205.673003 1.027605 
0.197740 75.145725 205.702684 1.027652 
0.197670 75.147432 205.737353 1.027654 
0.197681 75.147003 205.762291 1.027594 
0.197613 75.145298 205.794208 1.027445 
0.197630 75.138895 205.822814 1.027655 
0.197357 75.138974 205.853965 1.027562 
0.197573 75.148831 205.899902 1.027593 
0.197579 75.147967 205.925239 1.027588 
0.197469 75.139487 205.960193 1.027611 
0.197423 75.148963 205.995535 1.027508 
0.197207 75.138400 206.030983 1.027688 
0.197231 75.146454 206.057387 1.027397 
0.197274 75.145678 206.088060 1.027375 
0.197248 75.141933 206.117159 1.027497 
0.197115 75.141954 206.147993 1.027434 
0.197164 75.138512 206.174946 1.027537 
0.197186 75.135075 206.200471 1.027547 
0.197111 75.148360 206.234422 1.027556 
0.197130 75.147008 206.258334 1.027535 
0.197193 75.146960 206.293337 1.027732 
0.197228 75.145397 206.327391 1.027551 
0.197155 75.140609 206.356796 1.027765 
0.197284 75.137034 206.380642 1.027637 
0.197330 75.137244 206.411221 1.027730 
0.197233 75.137423 206.444229 1.027494 
0.197268 75.135365 206.464446 1.027612 
0.197247 75.133107 206.493145 1.027539 
0.197540 75.126497 206.518725 1.027391 
0.197268 75.128226 206.548600 1.027747 
0.197364 75.132058 206.565341 1.027697 
0.197517 75.128648 206.594539 1.027564 
0.197441 75.121913 206.617325 1.027548 
0.197583 75.124757 206.640470 1.027528 
0.197577 75.121627 206.665283 1.027487 
0.197625 75.123514 206.678061 1.027396 
0.197789 75.118978 206.709513 1.027436 
0.197691 75.123524 206.729519 1.027597 
0.197769 75.119258 206.754125 1.027530 
0.197793 75.115149 206.772689 1.027388 
0.197521 75.118067 206.792521 1.027414 
0.198000 75.116567 206.810215 1.027386 
0.197990 75.115125 206.836358 1.027621 
0.197917 75.116391 206.858073 1.027527 
0.198023 75.116527 206.883913 1.027536 
0.198047 75.122541 206.896064 1.027406 
0.197992 75.119632 206.918189 1.027345 
0.197909 75.112500 206.943061 1.027563 
0.197894 75.110129 206.966867 1.027624 
0.197865 75.113770 206.996174 1.027571 
0.197925 75.118202 207.019271 1.027367 
0.198030 75.115398 207.049849 1.027656 
0.197949 75.114167 207.070004 1.027565 
0.197904 75.115444 207.089980 1.027518 
0.197648 75.112098 207.124765 1.027518 
0.197823 75.114145 207.154699 1.027665 
0.197727 75.124221 207.171522 1.027491 
0.197783 75.117378 207.202009 1.027445 
0.197619 75.112342 207.224852 1.027379 
0.197631 75.116749 207.252869 1.027558 
0.197595 75.121290 207.270928 1.027618 
0.197940 75.121431 207.291507 1.027632 
0.197794 75.113459 207.323633 1.027624 
0.197650 75.125255 207.345716 1.027543 
0.197835 75.124216 207.368724 1.027606 
0.197782 75.126836 207.383509 1.027446 
0.197666 75.127480 207.417214 1.027710 
0.197695 75.129477 207.434249 1.027478 
0.197644 75.127200 207.455277 1.027520 
0.197607 75.125610 207.478017 1.027677 
0.197574 75.130709 207.501371 1.027591 
0.197740 75.130462 207.519702 1.027635 
0.197516 75.129567 207.556421 1.027615 
0.197700 75.139002 207.568383 1.027810 
0.197528 75.140357 207.589953 1.027567 
0.197457 75.144009 207.613726 1.027588 
0.197380 75.146371 207.637648 1.027716 
