0.148025 76.308752 169.500047 1.027622 
0.194188 76.330454 202.750574 1.027450 
0.193815 76.336238 202.811273 1.027564 
0.193718 76.335550 202.873494 1.027660 
0.193680 76.337640 202.942403 1.027665 
0.193702 76.333309 203.000563 1.027843 
0.193469 76.329219 203.057148 1.027765 
0.193558 76.325660 203.124336 1.027682 
0.193578 76.331782 203.174461 1.027627 
0.193406 76.328350 203.234653 1.027627 
0.193629 76.334651 203.299363 1.027682 
0.193227 76.331499 203.353310 1.027608 
0.193585 76.328955 203.423330 1.027895 
0.193385 76.329925 203.479099 1.027585 
0.193660 76.336574 203.534286 1.027657 
0.193645 76.332764 203.601241 1.027749 
0.193603 76.339205 203.660643 1.027622 
0.193487 76.336851 203.724606 1.027598 
0.193598 76.335638 203.775561 1.027755 
0.193564 76.342523 203.842022 1.027716 
0.193589 76.337584 203.891930 1.027716 
0.193547 76.335078 203.960983 1.027701 
0.193530 76.344581 204.024264 1.027638 
0.193617 76.338763 204.082452 1.027631 
0.193714 76.344226 204.136058 1.027655 
0.193653 76.342058 204.191209 1.027720 
0.193395 76.344692 204.245693 1.027684 
0.193680 76.349451 204.299113 1.027615 
0.193712 76.345762 204.361530 1.027735 
0.193829 76.340180 204.415576 1.027651 
0.193711 76.345558 204.468705 1.027900 
0.194010 76.354072 204.521836 1.027676 
0.193871 76.341058 204.571534 1.027597 
0.193872 76.336219 204.631222 1.027649 
0.194160 76.339035 204.683808 1.027758 
0.194045 76.334920 204.728179 1.027739 
0.194054 76.340984 204.783564 1.027893 
0.194292 76.341233 204.831315 1.027604 
0.194526 76.341222 204.890402 1.027739 
0.194448 76.341155 204.935572 1.027555 
0.194574 76.341326 204.987313 1.027680 
0.194538 76.339122 205.038019 1.027539 
0.194811 76.345436 205.089589 1.027771 
0.194779 76.339079 205.141711 1.027716 
0.194975 76.339924 205.188051 1.027597 
0.194974 76.349058 205.236879 1.027685 
0.194905 76.345750 205.285598 1.027814 
0.194936 76.348799 205.338264 1.027751 
0.194881 76.346346 205.374772 1.027756 
0.195178 76.347137 205.426223 1.027717 
0.195170 76.347049 205.474733 1.027769 
0.195170 76.357115 205.524125 1.027474 
0.195325 76.354695 205.572921 1.027670 
0.195400 76.353918 205.627404 1.027618 
0.195389 76.354261 205.672207 1.027716 
0.195442 76.355500 205.718917 1.027728 
0.195610 76.352938 205.758473 1.027748 
0.195787 76.359479 205.816422 1.027825 
0.195590 76.355526 205.861263 1.027756 
0.195740 76.354994 205.900281 1.027870 
0.195943 76.358534 205.945749 1.027824 
0.196055 76.360185 205.989072 1.027733 
0.195820 76.365251 206.041521 1.027763 
0.196264 76.368598 206.085955 1.027858 
0.196002 76.366600 206.128850 1.027629 
0.196061 76.366472 206.168761 1.027769 
0.196143 76.368348 206.221062 1.027637 
0.196233 76.374786 206.264606 1.027576 
0.196287 76.379938 206.305192 1.027775 
0.196334 76.385092 206.355736 1.027555 
0.196383 76.378501 206.399554 1.027585 
0.196443 76.386865 206.442040 1.027680 
0.196614 76.387207 206.489285 1.027770 
0.196594 76.393803 206.532422 1.027687 
0.196855 76.389015 206.581583 1.027737 
0.197022 76.392578 206.623091 1.027681 
0.196894 76.393366 206.655426 1.027719 
0.196714 76.394546 206.705790 1.027781 
0.196975 76.400113 206.748926 1.027669 
0.197332 76.398014 206.784669 1.027677 
0.197413 76.407184 206.834596 1.027687 
0.197276 76.407699 206.879793 1.027791 
0.197507 76.404118 206.909901 1.027731 
0.197503 76.403690 206.952859 1.027767 
0.197390 76.404843 206.990537 1.027671 
0.197544 76.401371 207.028341 1.027684 
0.197617 76.403533 207.084853 1.027733 
0.197630 76.404076 207.118160 1.027767 
0.197768 76.402356 207.151224 1.027816 
0.198100 76.408052 207.192371 1.027740 
0.197927 76.409483 207.226639 1.027713 
0.198313 76.406337 207.276141 1.027486 
0.198108 76.403193 207.314159 1.027651 
0.198099 76.404128 207.354223 1.027755 
0.198180 76.407404 207.395991 1.027651 
0.198243 76.410243 207.429736 1.027724 
0.198191 76.402958 207.467679 1.027657 
0.198307 76.405466 207.498312 1.027528 
0.198174 76.399466 207.545543 1.027469 
0.198354 76.406631 207.585331 1.027699 
0.198377 76.411507 207.620602 1.027453 
0.198273 76.408297 207.653037 1.027519 
0.198321 76.412176 207.691848 1.027648 
0.198190 76.409350 207.729312 1.027494 
0.198328 76.415325 207.763202 1.027542 
0.198359 76.410556 207.800983 1.027744 
0.198217 76.409803 207.840738 1.027610 
0.198340 76.402888 207.883089 1.027633 
0.198275 76.411714 207.929510 1.027524 
0.198407 76.408794 207.957960 1.027601 
0.198325 76.404686 207.995394 1.027763 
0.198270 76.407511 208.037112 1.027613 
0.198373 76.408615 208.071796 1.027652 
0.198333 76.407687 208.116904 1.027766 
0.198197 76.401947 208.158522 1.027644 
0.198450 76.395190 208.201752 1.027728 
0.198235 76.395242 208.236181 1.027649 
0.198092 76.394639 208.273846 1.027691 
0.198108 76.396537 208.316825 1.027626 
0.198203 76.396991 208.353407 1.027777 
0.198144 76.392554 208.387535 1.027744 
0.198206 76.388744 208.426114 1.027853 
0.198049 76.387736 208.467853 1.027711 
0.197843 76.389377 208.497506 1.027840 
0.198022 76.383918 208.542822 1.027614 
0.197980 76.394581 208.575058 1.027648 
0.197953 76.389486 208.607647 1.027648 
0.197695 76.389461 208.641956 1.027787 
0.197758 76.390356 208.684620 1.027692 
0.197729 76.390716 208.718552 1.027771 
0.197692 76.390012 208.755788 1.027774 
0.197748 76.392189 208.787502 1.027653 
0.197418 76.393596 208.813556 1.027864 
0.197657 76.394921 208.845965 1.027669 
0.197464 76.395950 208.879574 1.027719 
0.197437 76.390225 208.909147 1.027546 
0.197524 76.407207 208.950551 1.027763 
0.197529 76.397057 208.978819 1.027564 
0.197485 76.398616 209.014415 1.027963 
0.197524 76.402495 209.044007 1.027773 
0.197491 76.390876 209.073887 1.027739 
0.197720 76.399715 209.101217 1.027774 
0.197402 76.395009 209.134510 1.027714 
0.197374 76.394638 209.171557 1.027837 
0.197655 76.394462 209.196474 1.027842 
0.197556 76.395720 209.228330 1.027819 
0.197667 76.399549 209.259288 1.027672 
0.197656 76.402140 209.297969 1.027831 
0.197649 76.398002 209.318811 1.027952 
0.197665 76.403688 209.352344 1.028027 
0.197755 76.403322 209.388385 1.027868 
0.197639 76.406049 209.419572 1.027792 
0.197541 76.401031 209.443690 1.027745 
0.197571 76.407601 209.471249 1.027992 
0.197756 76.411805 209.509209 1.027811 
0.197575 76.411231 209.546409 1.027588 
0.197895 76.408428 209.560530 1.027735 
0.197710 76.409462 209.591468 1.027802 
0.197792 76.415152 209.621214 1.027763 
0.197991 76.409001 209.645050 1.027744 
0.198065 76.407821 209.676930 1.027618 
0.197883 76.410922 209.702696 1.027727 
0.198395 76.414371 209.729182 1.027596 
0.197987 76.418700 209.758166 1.027520 
0.198199 76.413082 209.784653 1.027561 
0.198294 76.419385 209.813441 1.027835 
0.198227 76.419752 209.841724 1.027593 
0.198425 76.417197 209.870414 1.027685 
0.198063 76.423049 209.907964 1.027789 
0.198229 76.424096 209.923697 1.027739 
0.198112 76.422198 209.961990 1.027794 
0.198282 76.416718 209.980915 1.027713 
0.198233 76.426883 210.019615 1.027594 
0.198294 76.425646 210.041296 1.027691 
0.198193 76.423254 210.071942 1.027786 
0.198497 76.414847 210.099218 1.027656 
0.198192 76.418583 210.129392 1.027498 
0.198434 76.421609 210.159361 1.027568 
0.198655 76.418900 210.187744 1.027489 
0.198206 76.417372 210.222636 1.027843 
0.198288 76.415817 210.250598 1.027740 
0.198464 76.414612 210.280093 1.027783 
0.198356 76.414411 210.311910 1.027717 
0.198529 76.412664 210.345469 1.027814 
0.198359 76.418704 210.370585 1.027795 
0.198440 76.415048 210.393147 1.027725 
0.198499 76.416292 210.424556 1.027790 
0.198340 76.418068 210.454472 1.027738 
0.198474 76.414852 210.478037 1.027810 
0.198485 76.410467 210.503008 1.027746 
0.198425 76.411150 210.535001 1.027661 
0.198333 76.408332 210.563504 1.027710 
0.198500 76.411073 210.585448 1.027757 
0.198447 76.404087 210.610514 1.027789 
0.198665 76.406205 210.631836 1.027626 
0.198402 76.408890 210.657250 1.027568 
0.198661 76.404511 210.679445 1.027655 
0.198798 76.408864 210.701231 1.027677 
0.198747 76.404656 210.728386 1.027587 
0.198771 76.411515 210.752293 1.027662 
