0.200224 74.245538 202.972444 1.027539 
0.106504 74.791432 143.752279 1.027285 
0.106479 74.796647 143.681665 1.027478 
0.106241 74.798288 143.605986 1.027455 
0.106482 74.801128 143.543707 1.027470 
0.106499 74.807837 143.469298 1.027453 
0.106518 74.810093 143.400179 1.027407 
0.106614 74.808293 143.327249 1.027576 
0.106619 74.809683 143.256529 1.027426 
0.106586 74.808628 143.182852 1.027449 
0.106331 74.804468 143.124138 1.027290 
0.106645 74.806993 143.051074 1.027631 
0.106733 74.808041 142.979678 1.027460 
0.106288 74.806563 142.910869 1.027467 
0.106477 74.813166 142.848104 1.027620 
0.106375 74.803334 142.775095 1.027440 
0.106427 74.804521 142.714132 1.027551 
0.106352 74.802300 142.642554 1.027457 
0.106567 74.803255 142.582817 1.027582 
0.106600 74.804590 142.516409 1.027508 
0.106363 74.808670 142.454344 1.027488 
0.106617 74.809500 142.393115 1.027509 
0.106487 74.801519 142.332373 1.027624 
0.106423 74.813111 142.261017 1.027638 
0.106483 74.810362 142.194407 1.027665 
0.106581 74.815831 142.127918 1.027547 
0.106285 74.821418 142.059478 1.027515 
0.106250 74.821163 142.001945 1.027676 
0.106410 74.820850 141.927110 1.027737 
0.106469 74.828607 141.860079 1.027568 
0.106331 74.828535 141.799057 1.027598 
0.106396 74.830090 141.735025 1.027734 
0.106340 74.824939 141.668532 1.027684 
0.106079 74.828189 141.596355 1.027591 
0.105967 74.838195 141.544065 1.027621 
0.106180 74.828980 141.479161 1.027425 
0.106143 74.833475 141.418584 1.027499 
0.106125 74.832131 141.355853 1.027462 
0.105781 74.832407 141.294864 1.027637 
0.105999 74.834923 141.230393 1.027476 
0.105979 74.836187 141.174494 1.027520 
0.105820 74.831725 141.116250 1.027642 
0.105767 74.833112 141.067075 1.027449 
0.105934 74.839447 141.002534 1.027629 
0.105741 74.836538 140.939941 1.027544 
0.105895 74.832050 140.893015 1.027604 
0.105654 74.831518 140.835694 1.027628 
0.105647 74.837999 140.778287 1.027643 
0.106012 74.835799 140.717391 1.027566 
0.105718 74.834268 140.659192 1.027562 
0.105466 74.835476 140.606986 1.027544 
0.105583 74.840051 140.542372 1.027339 
0.105567 74.836232 140.480057 1.027506 
0.105405 74.839257 140.425918 1.027419 
0.105549 74.843884 140.375126 1.027588 
0.105514 74.841557 140.315907 1.027663 
0.105473 74.842160 140.258665 1.027783 
0.105310 74.834065 140.207100 1.027718 
0.105655 74.846921 140.151282 1.027493 
0.105552 74.846000 140.103097 1.027791 
0.105619 74.833899 140.042662 1.027540 
0.105458 74.845201 139.996930 1.027564 
0.105606 74.838942 139.938721 1.027548 
0.105471 74.838870 139.881446 1.027514 
0.105752 74.830792 139.823522 1.027555 
0.105720 74.832327 139.772211 1.027685 
0.105805 74.830131 139.715465 1.027585 
0.105817 74.834337 139.661519 1.027560 
0.105749 74.836938 139.613566 1.027534 
0.105860 74.833397 139.559844 1.027546 
0.105917 74.837436 139.507055 1.027539 
0.105806 74.838838 139.456692 1.027431 
0.105620 74.838525 139.401711 1.027593 
0.105957 74.843212 139.349395 1.027673 
0.105453 74.838353 139.291092 1.027551 
0.105565 74.833739 139.234080 1.027597 
0.105719 74.835221 139.180810 1.027648 
0.105755 74.836503 139.131402 1.027444 
0.105673 74.835933 139.071591 1.027585 
0.105618 74.837372 139.023924 1.027444 
0.105832 74.848024 138.967803 1.027304 
0.105776 74.834224 138.911351 1.027565 
0.105683 74.840151 138.864311 1.027426 
0.105664 74.838227 138.809750 1.027657 
0.105793 74.837056 138.756798 1.027620 
0.105911 74.844887 138.707852 1.027579 
0.105784 74.843186 138.657854 1.027714 
0.105828 74.836612 138.607011 1.027728 
0.105715 74.839026 138.566338 1.027777 
0.105682 74.836226 138.519929 1.027655 
0.105679 74.837937 138.463825 1.027545 
0.105442 74.844544 138.420994 1.027640 
0.105667 74.841113 138.372711 1.027392 
0.105679 74.834545 138.325473 1.027387 
0.105571 74.837196 138.272225 1.027359 
0.105389 74.835929 138.236237 1.027499 
0.105290 74.839535 138.193825 1.027526 
0.105491 74.838799 138.145846 1.027594 
0.105318 74.837852 138.102781 1.027566 
0.105292 74.833949 138.048933 1.027616 
0.105316 74.841472 138.005614 1.027521 
0.105173 74.838750 137.963989 1.027575 
0.105171 74.838733 137.914823 1.027594 
0.105403 74.832320 137.870694 1.027538 
0.105166 74.841505 137.832990 1.027676 
0.104933 74.838723 137.794633 1.027608 
0.105290 74.843214 137.745414 1.027621 
0.104984 74.846851 137.706410 1.027545 
0.105126 74.846375 137.660281 1.027527 
0.105064 74.843314 137.612365 1.027476 
0.104920 74.845236 137.570570 1.027394 
0.104919 74.836970 137.532984 1.027492 
0.104723 74.844216 137.491266 1.027522 
0.104414 74.838797 137.439030 1.027355 
0.104671 74.831523 137.402018 1.027517 
0.104525 74.830337 137.352937 1.027825 
0.104572 74.829260 137.315931 1.027589 
0.104329 74.833903 137.265068 1.027644 
0.104509 74.825995 137.216010 1.027542 
0.104294 74.836525 137.173003 1.027447 
0.104462 74.830279 137.136885 1.027462 
0.104401 74.829192 137.082005 1.027323 
0.104121 74.831816 137.046484 1.027414 
0.104169 74.835233 136.997217 1.027491 
0.104225 74.839279 136.965600 1.027507 
0.104183 74.836879 136.909393 1.027538 
0.104023 74.839446 136.867285 1.027484 
0.103698 74.839793 136.833375 1.027509 
0.103677 74.838452 136.787467 1.027532 
0.103927 74.841093 136.739345 1.027529 
0.103591 74.839535 136.700655 1.027503 
0.103747 74.837520 136.656514 1.027434 
0.103386 74.845282 136.623909 1.027328 
0.103490 74.844621 136.582763 1.027313 
0.103301 74.842594 136.543130 1.027512 
0.103077 74.840281 136.492006 1.027551 
0.103245 74.840321 136.458723 1.027566 
0.102875 74.836720 136.424312 1.027466 
0.103089 74.837654 136.385989 1.027410 
0.102995 74.848275 136.346125 1.027756 
0.102944 74.837542 136.301848 1.027732 
0.102922 74.840536 136.269382 1.027621 
0.103022 74.843100 136.221299 1.027520 
0.103003 74.838077 136.190976 1.027583 
0.103024 74.845170 136.147095 1.027417 
0.102905 74.839238 136.109895 1.027467 
0.103060 74.844591 136.079617 1.027389 
0.102809 74.844451 136.044657 1.027537 
0.102781 74.839270 136.007684 1.027606 
0.103016 74.842863 135.971211 1.027541 
0.102894 74.842863 135.927177 1.027507 
0.103105 74.844988 135.884614 1.027525 
0.102741 74.834169 135.855630 1.027663 
0.102811 74.839424 135.818849 1.027484 
0.102845 74.846422 135.778599 1.027617 
0.102984 74.847424 135.743016 1.027704 
0.102614 74.849193 135.711356 1.027632 
0.103013 74.852034 135.662743 1.027587 
0.102948 74.852388 135.633856 1.027757 
0.102798 74.852481 135.596712 1.027585 
0.102887 74.857782 135.556500 1.027652 
0.102772 74.855481 135.528730 1.027471 
0.102699 74.863219 135.483768 1.027644 
0.102975 74.858878 135.442390 1.027666 
0.102787 74.866761 135.409507 1.027379 
0.102879 74.866361 135.370071 1.027791 
0.102894 74.867183 135.334080 1.027604 
0.102786 74.863551 135.305555 1.027328 
0.102839 74.865254 135.267325 1.027614 
0.102821 74.868030 135.229051 1.027674 
0.102673 74.869870 135.190747 1.027496 
0.102710 74.871944 135.153566 1.027680 
0.102831 74.876186 135.129176 1.027638 
0.102805 74.866386 135.086319 1.027567 
0.102691 74.864684 135.059872 1.027571 
0.102780 74.863512 135.018275 1.027483 
0.102974 74.865485 134.987986 1.027549 
0.102714 74.862441 134.955525 1.027420 
0.103045 74.865755 134.924384 1.027631 
0.103051 74.857465 134.896377 1.027526 
0.103379 74.862404 134.863281 1.027531 
0.103174 74.863808 134.824056 1.027520 
0.103295 74.857868 134.791617 1.027507 
0.103327 74.866872 134.754333 1.027393 
0.103374 74.860658 134.722960 1.027408 
0.103564 74.863242 134.688660 1.027522 
0.103570 74.858907 134.653006 1.027562 
0.103476 74.857128 134.618372 1.027660 
0.103741 74.858451 134.591096 1.027524 
0.103256 74.859668 134.564733 1.027401 
0.103632 74.854102 134.532582 1.027571 
0.103684 74.858967 134.500725 1.027628 
0.103547 74.860999 134.469239 1.027619 
0.103351 74.857045 134.438305 1.027681 
0.103561 74.854400 134.408722 1.027572 
0.103487 74.852080 134.377263 1.027637 
0.103643 74.853491 134.347220 1.027726 
0.103682 74.855860 134.321774 1.027636 
0.103769 74.862464 134.287405 1.027642 
0.103646 74.860315 134.259741 1.027606 
