0.102287 76.815427 147.100900 1.027531 
0.151174 76.826243 168.439470 1.027830 
0.150892 76.840777 168.513600 1.027624 
0.151489 76.831409 168.603459 1.027659 
0.151167 76.825351 168.691785 1.027533 
0.151169 76.823539 168.777077 1.027561 
0.151275 76.826613 168.858911 1.027658 
0.151330 76.825589 168.940065 1.027465 
0.151333 76.817968 169.030320 1.027695 
0.151462 76.820404 169.111572 1.027754 
0.151457 76.820248 169.187054 1.027760 
0.151330 76.818663 169.273850 1.027832 
0.151525 76.815767 169.359015 1.027586 
0.151411 76.821526 169.445295 1.027612 
0.151607 76.820803 169.523643 1.027702 
0.151424 76.811166 169.609347 1.027818 
0.151514 76.812076 169.688755 1.027673 
0.151361 76.815847 169.772598 1.027745 
0.151462 76.812216 169.842374 1.027748 
0.151608 76.813933 169.929611 1.027916 
0.151593 76.814243 170.005739 1.027842 
0.151401 76.813711 170.087718 1.027734 
0.151482 76.813585 170.157775 1.027661 
0.151560 76.815424 170.243790 1.027594 
0.151460 76.819141 170.320506 1.027857 
0.151658 76.825766 170.389024 1.027641 
0.151625 76.820861 170.463810 1.027653 
0.151636 76.819473 170.542698 1.027566 
0.151612 76.809461 170.615794 1.027642 
0.151656 76.810487 170.683244 1.027619 
0.151724 76.811367 170.767620 1.027599 
0.151718 76.820410 170.826106 1.027873 
0.151757 76.814563 170.900019 1.027738 
0.151579 76.817165 170.976078 1.027741 
0.151590 76.819205 171.035320 1.027634 
0.151670 76.799561 171.107202 1.027725 
0.151846 76.810580 171.169801 1.027771 
0.151722 76.807748 171.241541 1.027884 
0.151829 76.804992 171.310928 1.027659 
0.151768 76.807853 171.379733 1.027787 
0.151913 76.800715 171.453062 1.027849 
0.152170 76.801378 171.526733 1.027740 
0.151984 76.808024 171.584627 1.027798 
0.152153 76.809987 171.659674 1.027812 
0.151924 76.804936 171.729975 1.027801 
0.152337 76.809259 171.800825 1.027960 
0.152217 76.804369 171.860833 1.027863 
0.152345 76.797840 171.927735 1.027668 
0.152352 76.800763 171.986986 1.027737 
0.152367 76.801731 172.055144 1.027716 
0.152352 76.801463 172.120383 1.027816 
0.152474 76.799834 172.177512 1.027606 
0.152387 76.792607 172.244084 1.027655 
0.152461 76.796887 172.301497 1.027731 
0.152476 76.789367 172.367906 1.027626 
0.152457 76.790396 172.430044 1.027682 
0.152590 76.788508 172.493173 1.027913 
0.152811 76.785018 172.549622 1.027651 
0.152526 76.780401 172.619457 1.027769 
0.153000 76.779362 172.672154 1.027769 
0.152829 76.778684 172.735039 1.027502 
0.153130 76.772965 172.787970 1.027646 
0.153133 76.781655 172.850490 1.027635 
0.152980 76.779203 172.906682 1.027532 
0.153042 76.785324 172.968048 1.027760 
0.153149 76.773284 173.026301 1.027541 
0.153002 76.775838 173.071294 1.027532 
0.153089 76.780914 173.138738 1.027775 
0.152978 76.779077 173.184637 1.027679 
0.152956 76.777975 173.243561 1.027700 
0.152752 76.774577 173.305169 1.027600 
0.153030 76.777320 173.355386 1.027746 
0.152988 76.773294 173.404140 1.027710 
0.152790 76.775594 173.459465 1.027722 
0.152850 76.774910 173.509020 1.027705 
0.152917 76.781810 173.580259 1.027538 
0.153033 76.772574 173.627495 1.027583 
0.152690 76.768760 173.690313 1.027726 
0.153008 76.775762 173.741274 1.028041 
0.153163 76.776443 173.788146 1.027812 
0.153050 76.778422 173.853478 1.027744 
0.153331 76.774943 173.908587 1.027667 
0.153144 76.777836 173.949342 1.027498 
0.153308 76.773288 174.013704 1.027613 
0.153394 76.775209 174.066431 1.027632 
0.153358 76.777688 174.120828 1.027557 
0.153501 76.771370 174.173295 1.027623 
0.153360 76.771947 174.224434 1.027727 
0.153313 76.776105 174.278876 1.027742 
0.153420 76.772063 174.334287 1.027468 
0.153438 76.772006 174.389884 1.027567 
0.153390 76.771016 174.436684 1.027565 
0.153167 76.782507 174.486714 1.027664 
0.153378 76.778599 174.534023 1.027738 
0.153517 76.778896 174.578336 1.027595 
0.153369 76.781161 174.637497 1.027502 
0.153263 76.778564 174.678035 1.027641 
0.153498 76.781315 174.723912 1.027529 
0.153696 76.782237 174.775748 1.027865 
0.153607 76.783770 174.815065 1.027519 
0.153886 76.781091 174.865708 1.027711 
0.153685 76.787008 174.903390 1.027808 
0.153755 76.782917 174.946573 1.027643 
0.153986 76.785942 174.990377 1.027773 
0.153845 76.787101 175.028837 1.027681 
0.153566 76.793605 175.081472 1.027670 
0.153874 76.792104 175.120590 1.027513 
0.153808 76.788639 175.168070 1.027478 
0.153574 76.790313 175.196663 1.027445 
0.153480 76.799924 175.249886 1.027561 
0.153622 76.794535 175.291220 1.027697 
0.153384 76.796086 175.334917 1.027564 
0.153392 76.788450 175.381908 1.027487 
0.153636 76.800507 175.411622 1.027565 
0.153365 76.792775 175.466951 1.027489 
0.153675 76.797999 175.495854 1.027464 
0.153430 76.790280 175.546693 1.027460 
0.153498 76.795231 175.585398 1.027545 
0.153357 76.798713 175.632335 1.027465 
0.153459 76.802559 175.668925 1.027571 
0.153440 76.792428 175.703519 1.027594 
0.153569 76.795512 175.749552 1.027496 
0.153435 76.796920 175.795864 1.027659 
0.153490 76.797052 175.831890 1.027699 
0.153645 76.811396 175.872862 1.027750 
0.153478 76.811277 175.916009 1.027554 
0.153552 76.806616 175.951910 1.027610 
0.153630 76.813980 175.992593 1.027492 
0.153424 76.808218 176.033563 1.027457 
0.153538 76.811631 176.075728 1.027454 
0.153304 76.813229 176.108905 1.027675 
0.153570 76.814710 176.146745 1.027616 
0.153473 76.817476 176.192040 1.027908 
0.153379 76.822594 176.225855 1.027629 
0.153528 76.824449 176.266751 1.027661 
0.153388 76.821737 176.300734 1.027825 
0.153292 76.828223 176.342435 1.027799 
0.153563 76.824971 176.380310 1.027678 
0.153413 76.823778 176.420693 1.027831 
0.153691 76.827205 176.458838 1.027829 
0.153417 76.824040 176.483987 1.027620 
0.153544 76.823247 176.528586 1.027708 
0.153511 76.829881 176.565455 1.027689 
0.153588 76.823420 176.608701 1.027617 
0.153534 76.822408 176.643518 1.027727 
0.153701 76.827738 176.680926 1.027733 
0.153705 76.829081 176.717522 1.027724 
0.153519 76.824767 176.755649 1.027735 
0.153739 76.826419 176.793138 1.027758 
0.153551 76.829590 176.831279 1.027574 
0.153874 76.831244 176.858244 1.027574 
0.153874 76.830167 176.898756 1.027774 
0.153586 76.831056 176.931839 1.027752 
0.153920 76.826089 176.966777 1.027824 
0.153836 76.820755 177.003321 1.027711 
0.153883 76.824629 177.041719 1.027751 
0.154118 76.828077 177.064882 1.027732 
0.153891 76.829993 177.102877 1.027704 
0.154276 76.830633 177.129812 1.027878 
0.154319 76.835317 177.167145 1.027904 
0.154373 76.835555 177.201971 1.027883 
0.154281 76.829859 177.236885 1.027859 
0.154403 76.828327 177.274191 1.027887 
0.154107 76.831483 177.304030 1.027747 
0.154343 76.834132 177.328151 1.027719 
0.154188 76.833345 177.360781 1.027754 
0.154399 76.829594 177.396678 1.027769 
0.154341 76.824183 177.425406 1.027706 
0.154302 76.825035 177.461870 1.027536 
0.154407 76.830926 177.489179 1.027745 
0.154245 76.825875 177.528235 1.027710 
0.154338 76.825056 177.550362 1.027589 
0.154438 76.825123 177.584331 1.027667 
0.154619 76.819745 177.614110 1.027861 
0.154518 76.824801 177.640187 1.027719 
0.154429 76.816338 177.673012 1.027778 
0.154577 76.822074 177.704562 1.027696 
0.154768 76.827627 177.728761 1.027695 
0.154577 76.823514 177.762978 1.027586 
0.154618 76.818148 177.783380 1.027561 
0.154650 76.817800 177.812992 1.027601 
0.154642 76.823146 177.839864 1.027416 
0.154726 76.824933 177.878067 1.027745 
0.154741 76.824051 177.903238 1.027613 
0.154712 76.823145 177.926833 1.027656 
0.154722 76.824563 177.952265 1.027277 
0.154796 76.818394 177.972325 1.027375 
0.154837 76.824923 178.006796 1.027648 
0.154711 76.824542 178.036699 1.027656 
0.154912 76.820665 178.066419 1.027390 
0.154977 76.822864 178.086906 1.027822 
0.154959 76.822659 178.117951 1.027951 
0.154912 76.815904 178.140829 1.027558 
0.154918 76.825645 178.168016 1.027489 
0.154787 76.823594 178.198501 1.027500 
0.155102 76.818346 178.227296 1.027497 
0.154930 76.813624 178.256034 1.027529 
0.155084 76.818381 178.289966 1.027541 
0.154897 76.814191 178.319769 1.027527 
0.155175 76.814658 178.345992 1.027709 
