0.179401 74.328445 214.496387 1.029614 
0.178364 74.323928 214.501352 1.029545 
0.176794 74.332869 214.514235 1.029746 
0.176116 74.329446 214.530839 1.029710 
0.174660 74.327282 214.534802 1.029920 
0.173534 74.330762 214.543595 1.029762 
0.172444 74.331990 214.546930 1.029793 
0.171695 74.330337 214.554916 1.029636 
0.170731 74.337919 214.562328 1.029729 
0.170452 74.337200 214.574041 1.029709 
0.169662 74.325307 214.572551 1.029790 
0.168933 74.327549 214.580469 1.029833 
0.168542 74.330006 214.595252 1.029975 
0.168013 74.323358 214.600865 1.029764 
0.167476 74.332266 214.597919 1.029991 
0.167042 74.335057 214.614655 1.029953 
0.165846 74.334075 214.609297 1.029776 
0.166055 74.337943 214.622281 1.030017 
0.166279 74.337463 214.627357 1.029814 
0.166469 74.337464 214.633030 1.029909 
0.166504 74.329096 214.643439 1.029879 
0.166687 74.336778 214.657889 1.029834 
0.167543 74.340317 214.666813 1.029796 
0.168177 74.334785 214.685253 1.029870 
0.168608 74.334781 214.697589 1.029995 
0.169982 74.340038 214.712865 1.030032 
0.170340 74.334845 214.716312 1.029790 
0.171419 74.324364 214.725955 1.030071 
0.172308 74.330359 214.723569 1.030049 
0.173749 74.335378 214.738833 1.029860 
0.174683 74.339894 214.744418 1.029953 
0.176363 74.336322 214.758886 1.029817 
0.177141 74.344940 214.763023 1.029632 
0.178669 74.334506 214.768017 1.029671 
0.179288 74.342004 214.771596 1.029813 
0.180541 74.343020 214.789197 1.029884 
0.181710 74.346750 214.788152 1.029970 
0.183333 74.339506 214.806471 1.029851 
0.184127 74.338224 214.801031 1.029847 
0.185742 74.340019 214.810972 1.029800 
0.186276 74.344495 214.816853 1.029605 
0.187827 74.340537 214.820933 1.029313 
0.188612 74.348198 214.828519 1.029644 
0.189857 74.341565 214.831894 1.029675 
0.190811 74.349227 214.831285 1.029612 
0.191521 74.349478 214.844956 1.029640 
0.191868 74.350569 214.845780 1.029640 
0.192920 74.351377 214.843766 1.029772 
0.193158 74.356631 214.848396 1.029863 
0.193704 74.353842 214.853244 1.029648 
0.193819 74.357285 214.865463 1.029798 
0.194353 74.350625 214.869189 1.029800 
0.194190 74.354685 214.865836 1.029789 
0.194206 74.357952 214.864811 1.029986 
0.193972 74.357449 214.864600 1.029705 
0.193749 74.359237 214.860948 1.029564 
0.193159 74.360711 214.862973 1.029854 
0.192539 74.371067 214.868947 1.029735 
0.192036 74.363165 214.868226 1.029697 
0.191550 74.366878 214.867587 1.029821 
0.190545 74.376065 214.868438 1.029811 
0.189927 74.369541 214.872006 1.029621 
0.189383 74.374196 214.875078 1.029661 
0.188292 74.379593 214.868758 1.029757 
0.187029 74.375751 214.881264 1.029828 
0.186364 74.368386 214.885260 1.029818 
0.185141 74.379274 214.886750 1.029876 
0.183744 74.382873 214.889343 1.030090 
0.182044 74.385993 214.892582 1.029850 
0.180390 74.386065 214.897156 1.029794 
0.179340 74.390042 214.900128 1.029888 
0.178688 74.391746 214.906256 1.029856 
0.176922 74.390926 214.905149 1.029690 
0.175043 74.392504 214.899122 1.030014 
0.173809 74.390444 214.910893 1.029829 
0.172500 74.395905 214.912417 1.029644 
0.170957 74.395309 214.917964 1.029759 
0.170139 74.397236 214.918146 1.029775 
0.168487 74.403240 214.922422 1.029519 
0.167421 74.401864 214.923367 1.029690 
0.165719 74.406426 214.919583 1.029964 
0.165351 74.397407 214.931149 1.029658 
0.164355 74.398972 214.932863 1.029718 
0.163500 74.403891 214.935105 1.029797 
0.162542 74.404696 214.935855 1.029659 
0.161965 74.397767 214.934323 1.029702 
0.161695 74.404486 214.936723 1.029576 
0.161446 74.407740 214.949053 1.029564 
0.160987 74.408917 214.946055 1.029656 
0.161163 74.413900 214.951894 1.029508 
0.161402 74.415670 214.957005 1.029665 
0.161248 74.411613 214.966492 1.029680 
0.161728 74.414744 214.955976 1.029891 
0.162003 74.420904 214.967362 1.029736 
0.162152 74.416684 214.973248 1.029734 
0.162958 74.416066 214.979350 1.029615 
0.163309 74.420284 214.980776 1.029767 
0.164167 74.414892 214.982859 1.029788 
0.165144 74.424323 214.996216 1.029767 
0.166053 74.429738 214.995189 1.029949 
0.166510 74.429259 214.996187 1.030165 
0.168007 74.433747 214.995247 1.029991 
0.169316 74.427244 215.001271 1.029738 
0.170736 74.431500 215.011639 1.029831 
0.172360 74.429078 215.007878 1.029696 
0.173660 74.425702 215.022105 1.029752 
0.175202 74.441233 215.021791 1.029748 
0.176475 74.437820 215.035233 1.029860 
0.178049 74.437114 215.032144 1.029852 
0.179630 74.440284 215.035907 1.029693 
0.181615 74.440262 215.039535 1.029729 
0.183502 74.438627 215.039375 1.029802 
0.184905 74.443480 215.048235 1.029842 
0.186956 74.437126 215.062470 1.030007 
0.188802 74.436717 215.059790 1.029781 
0.190267 74.445200 215.062325 1.029854 
0.191580 74.440818 215.069903 1.029760 
0.192937 74.443120 215.081307 1.029739 
0.194049 74.447853 215.086861 1.029845 
0.194881 74.450924 215.088710 1.029810 
0.195554 74.449239 215.091036 1.029591 
0.196340 74.452305 215.099783 1.029568 
0.197194 74.453526 215.103706 1.029819 
0.197672 74.461422 215.108166 1.029841 
0.197914 74.467684 215.112231 1.029721 
0.197652 74.467453 215.109255 1.029557 
0.198151 74.473108 215.118079 1.029658 
0.198407 74.478225 215.124688 1.029729 
0.198559 74.475397 215.132944 1.029846 
0.198303 74.474211 215.133056 1.029574 
0.198805 74.477267 215.143244 1.029720 
0.198524 74.475147 215.145576 1.029809 
0.198338 74.478162 215.150269 1.029730 
0.197965 74.482231 215.159480 1.029631 
0.197309 74.479643 215.163322 1.029803 
0.196591 74.475365 215.175613 1.029785 
0.195638 74.470923 215.174024 1.029820 
0.194949 74.474334 215.177371 1.029875 
0.193800 74.481656 215.187884 1.029923 
0.192928 74.481303 215.194591 1.029728 
0.191870 74.475948 215.197391 1.029851 
0.190683 74.476050 215.196856 1.030055 
0.189217 74.477933 215.206942 1.029952 
0.188053 74.481250 215.219394 1.029941 
0.186495 74.482445 215.215827 1.029876 
0.185548 74.479577 215.225681 1.029971 
0.183698 74.486090 215.229932 1.030162 
0.182179 74.489854 215.233138 1.030176 
0.181331 74.484011 215.242251 1.030055 
0.179465 74.486087 215.244470 1.029983 
0.178245 74.484013 215.255534 1.030072 
0.177529 74.484733 215.265026 1.029904 
0.175882 74.489629 215.274074 1.029928 
0.174145 74.487331 215.271396 1.029915 
0.172824 74.488070 215.277375 1.030036 
0.172050 74.494279 215.291594 1.029985 
0.170859 74.492225 215.300807 1.029956 
0.169940 74.495897 215.301018 1.029855 
0.169259 74.505831 215.308391 1.029743 
0.168647 74.506035 215.314893 1.029768 
0.167692 74.504148 215.313041 1.030016 
0.167530 74.504331 215.320141 1.029942 
0.166646 74.502221 215.323092 1.029956 
0.166462 74.516541 215.334301 1.030001 
0.166281 74.514565 215.345834 1.029721 
0.166714 74.509641 215.345487 1.029850 
0.166166 74.517886 215.356258 1.029594 
0.166488 74.522908 215.360989 1.029771 
0.166892 74.524197 215.364324 1.029681 
0.166962 74.520623 215.364219 1.030028 
0.166849 74.528268 215.365554 1.029869 
0.167112 74.525257 215.369682 1.029656 
0.167526 74.528509 215.374258 1.029974 
0.168522 74.528319 215.380380 1.029686 
0.169112 74.532779 215.391506 1.029552 
0.170531 74.529862 215.397463 1.029720 
0.170982 74.536368 215.404520 1.029862 
0.172155 74.530950 215.410696 1.029661 
0.173539 74.539383 215.416962 1.029693 
0.174921 74.535734 215.428193 1.029834 
0.175545 74.546682 215.436303 1.029881 
0.177151 74.542328 215.434844 1.029882 
0.178511 74.539248 215.445300 1.029677 
0.179838 74.538038 215.451154 1.029710 
0.181211 74.551739 215.463304 1.029620 
0.182779 74.545060 215.473396 1.029675 
0.184071 74.549486 215.486685 1.029782 
0.185929 74.548754 215.500555 1.029529 
0.187338 74.546954 215.500402 1.029913 
0.189264 74.549297 215.503801 1.029721 
0.190558 74.549642 215.507622 1.029813 
0.192519 74.546580 215.518448 1.029819 
0.193732 74.546335 215.526083 1.029778 
0.194897 74.543391 215.519910 1.029725 
0.196827 74.542696 215.526823 1.029901 
0.197729 74.542312 215.533355 1.030017 
0.199078 74.541645 215.535812 1.029796 
0.199321 74.549710 215.535193 1.029768 
0.200910 74.541700 215.533544 1.029562 
0.201592 74.543336 215.533786 1.029886 
