0.174190 72.369660 198.706500 1.029779 
0.174780 72.371325 198.783158 1.029931 
0.176439 72.372985 198.869975 1.029655 
0.177121 72.371457 198.951272 1.029993 
0.178556 72.377125 199.037619 1.029947 
0.179206 72.382254 199.121066 1.029757 
0.180681 72.376804 199.198392 1.029816 
0.181766 72.382595 199.287509 1.029755 
0.182928 72.379047 199.367039 1.029958 
0.183973 72.380014 199.441184 1.029722 
0.184977 72.378640 199.529012 1.029700 
0.185612 72.378192 199.592708 1.029748 
0.186653 72.369410 199.679039 1.029972 
0.187686 72.378526 199.760006 1.029921 
0.188462 72.378985 199.842844 1.029870 
0.189067 72.376940 199.910302 1.029855 
0.190091 72.376033 199.987888 1.029798 
0.190260 72.378019 200.063806 1.029656 
0.190680 72.382016 200.130640 1.029822 
0.190926 72.377421 200.205029 1.029685 
0.191754 72.381869 200.276930 1.029746 
0.191521 72.382639 200.352492 1.029890 
0.191966 72.376189 200.426611 1.029568 
0.191910 72.376468 200.496756 1.029776 
0.191926 72.378433 200.567668 1.029583 
0.191313 72.376715 200.634393 1.029716 
0.191289 72.380524 200.707629 1.029602 
0.190719 72.380642 200.779660 1.029812 
0.190526 72.377738 200.858222 1.029709 
0.189756 72.385154 200.926547 1.029874 
0.189456 72.385262 201.000009 1.030004 
0.188420 72.381905 201.072835 1.029926 
0.187678 72.380513 201.149455 1.029814 
0.186707 72.382432 201.215589 1.029752 
0.185922 72.380711 201.292247 1.029914 
0.184798 72.380247 201.359177 1.029727 
0.183780 72.378014 201.422754 1.029920 
0.182503 72.375543 201.499385 1.029775 
0.181526 72.380128 201.576657 1.029617 
0.179823 72.384357 201.644201 1.029740 
0.178899 72.377008 201.716084 1.029814 
0.177607 72.373306 201.788830 1.029994 
0.176153 72.377267 201.858529 1.029892 
0.174781 72.379471 201.935581 1.029687 
0.173837 72.373030 202.006418 1.029907 
0.172481 72.372750 202.074414 1.029729 
0.171399 72.373398 202.145410 1.029731 
0.170206 72.372829 202.207413 1.029841 
0.169020 72.371601 202.263151 1.029801 
0.167828 72.373556 202.336926 1.029653 
0.166793 72.368436 202.413806 1.029677 
0.166145 72.369065 202.482067 1.029889 
0.165303 72.366113 202.549682 1.029708 
0.164139 72.375056 202.618515 1.029732 
0.163682 72.365738 202.687564 1.029598 
0.163053 72.363801 202.751885 1.029998 
0.162908 72.364354 202.812342 1.029815 
0.162538 72.364613 202.889734 1.029656 
0.162206 72.359097 202.951903 1.029743 
0.162022 72.363393 203.030514 1.029681 
0.162037 72.364827 203.092681 1.029485 
0.162303 72.362682 203.159855 1.029549 
0.162169 72.367663 203.222067 1.029797 
0.162257 72.369148 203.287930 1.029657 
0.162899 72.365446 203.353362 1.029573 
0.163044 72.368800 203.419238 1.029670 
0.163708 72.375784 203.485152 1.029676 
0.164200 72.368771 203.547821 1.029537 
0.164610 72.364414 203.604960 1.029619 
0.165314 72.370201 203.659724 1.029878 
0.166130 72.370347 203.726301 1.029702 
0.166888 72.371317 203.778008 1.029729 
0.167936 72.367632 203.841247 1.029721 
0.168783 72.372830 203.890989 1.029555 
0.169405 72.367974 203.944679 1.029709 
0.170412 72.373354 204.006884 1.029689 
0.171604 72.365602 204.053959 1.029901 
0.172604 72.364238 204.115649 1.029754 
0.173492 72.365874 204.168277 1.029659 
0.174497 72.375216 204.221260 1.029541 
0.175296 72.376856 204.273093 1.029820 
0.176470 72.374074 204.333435 1.029634 
0.177637 72.369540 204.389672 1.029747 
0.178714 72.370246 204.446369 1.029777 
0.179552 72.370944 204.505799 1.029710 
0.181003 72.373214 204.564198 1.029891 
0.181512 72.372628 204.615017 1.029705 
0.182540 72.376804 204.669200 1.029776 
0.183750 72.375300 204.719478 1.029588 
0.184692 72.375913 204.780929 1.029782 
0.185149 72.377464 204.831194 1.029773 
0.185632 72.372851 204.872997 1.029677 
0.186824 72.375819 204.926188 1.029620 
0.187142 72.375266 204.976861 1.029665 
0.187546 72.377246 205.020140 1.029661 
0.187931 72.368342 205.075651 1.029733 
0.188157 72.375072 205.132143 1.029982 
0.188330 72.379132 205.174959 1.029865 
0.188414 72.368614 205.221479 1.030056 
0.187752 72.377280 205.275179 1.029747 
0.188164 72.376494 205.327364 1.029995 
0.187941 72.374936 205.368530 1.029961 
0.187666 72.381881 205.419465 1.030032 
0.186935 72.377477 205.472573 1.029774 
0.186558 72.377677 205.517252 1.030162 
0.185693 72.377847 205.568644 1.029988 
0.185183 72.376854 205.607472 1.029894 
0.184623 72.377602 205.655902 1.029836 
0.183851 72.379647 205.694345 1.029757 
0.182829 72.381479 205.740826 1.029967 
0.181975 72.375209 205.778369 1.029981 
0.181270 72.377499 205.822107 1.029980 
0.180192 72.375601 205.863097 1.029959 
0.179234 72.377077 205.908415 1.029904 
0.178540 72.380630 205.947912 1.029632 
0.177267 72.385844 205.981411 1.029790 
0.176583 72.387706 206.029691 1.030141 
0.175554 72.386912 206.066451 1.029916 
0.174359 72.386312 206.099198 1.029972 
0.173116 72.378846 206.146778 1.029839 
0.172581 72.377424 206.182482 1.029836 
0.171320 72.387857 206.221780 1.029799 
0.170527 72.380356 206.261287 1.029910 
0.169690 72.383491 206.292312 1.029995 
0.169131 72.392304 206.332654 1.029981 
0.168162 72.386201 206.364334 1.029910 
0.167664 72.381756 206.399153 1.029579 
0.167012 72.392474 206.446337 1.029783 
0.166375 72.393538 206.473593 1.029875 
0.166088 72.387438 206.520519 1.030008 
0.165840 72.388074 206.551785 1.030029 
0.165290 72.389092 206.594023 1.030018 
0.165252 72.387219 206.627360 1.030072 
0.165302 72.386115 206.667845 1.029840 
0.165013 72.389491 206.700998 1.029908 
0.164666 72.388741 206.737329 1.029732 
0.165370 72.385853 206.775831 1.029698 
0.165463 72.393959 206.817828 1.029878 
0.165864 72.389094 206.852402 1.029874 
0.166111 72.393096 206.883855 1.029929 
0.166575 72.388498 206.923431 1.029747 
0.167189 72.387966 206.969370 1.029921 
0.167970 72.389167 206.996960 1.029867 
0.168708 72.392822 207.029804 1.030016 
0.169563 72.389990 207.080723 1.029852 
0.169978 72.392605 207.116064 1.029896 
0.171414 72.395107 207.154135 1.030013 
0.172245 72.398940 207.192801 1.029803 
0.173132 72.395644 207.222866 1.029852 
0.174317 72.395802 207.268364 1.029871 
0.175230 72.402669 207.299781 1.029678 
0.176110 72.401352 207.328470 1.029865 
0.177426 72.402436 207.359087 1.029874 
0.178688 72.399678 207.395799 1.029659 
0.179844 72.401725 207.432815 1.029849 
0.181004 72.398110 207.463121 1.029826 
0.182015 72.399906 207.496465 1.029791 
0.183425 72.403628 207.526446 1.029979 
0.184420 72.408778 207.546759 1.030103 
0.185123 72.410446 207.584904 1.029820 
0.186121 72.399177 207.620983 1.029943 
0.187036 72.405858 207.648445 1.029984 
0.187568 72.407060 207.677940 1.029891 
0.188022 72.403633 207.703518 1.029821 
0.188569 72.405433 207.736528 1.029745 
0.188488 72.419353 207.767133 1.029904 
0.189911 72.410445 207.796252 1.030073 
0.189609 72.415172 207.829522 1.029841 
0.190168 72.406814 207.863444 1.029864 
0.189932 72.412609 207.894055 1.029892 
0.190604 72.409649 207.928299 1.029914 
0.190658 72.412130 207.963026 1.029739 
0.190959 72.411016 207.996986 1.029603 
0.190710 72.412999 208.022172 1.029548 
0.190284 72.416700 208.052172 1.029571 
0.189118 72.415315 208.075919 1.029687 
0.188994 72.423747 208.101287 1.029855 
0.188301 72.420240 208.122445 1.029792 
0.187688 72.418087 208.152440 1.029843 
0.186440 72.420686 208.174993 1.029554 
0.186609 72.417553 208.204963 1.029675 
0.185198 72.425606 208.235703 1.029825 
0.185435 72.420011 208.262982 1.029855 
0.184219 72.424357 208.291062 1.029675 
0.184280 72.415476 208.322993 1.029611 
0.183130 72.427960 208.357917 1.029881 
0.181660 72.419488 208.389488 1.029695 
0.179656 72.425870 208.408753 1.029703 
0.179100 72.427211 208.444908 1.029684 
0.178529 72.434267 208.476731 1.030001 
0.178240 72.426996 208.514078 1.029765 
0.176489 72.431615 208.543046 1.029693 
0.176435 72.427091 208.577444 1.029710 
0.174116 72.443783 208.602585 1.029688 
0.172718 72.442954 208.637060 1.029713 
0.171777 72.450100 208.661052 1.029791 
0.171229 72.449099 208.699972 1.029855 
0.169711 72.448343 208.722880 1.029876 
0.169592 72.451745 208.761379 1.029741 
0.168274 72.448728 208.790078 1.029596 
