0.093524 72.982709 131.852331 1.029550 
0.116222 72.943235 171.003011 1.029627 
0.115847 72.945445 171.009969 1.029392 
0.116017 72.948327 171.016793 1.029530 
0.115896 72.946741 171.018485 1.029609 
0.116511 72.941415 171.033564 1.029575 
0.116392 72.944373 171.045592 1.029700 
0.116303 72.945710 171.048057 1.029980 
0.116499 72.940058 171.050717 1.029937 
0.117231 72.942351 171.054563 1.029929 
0.116980 72.938924 171.060272 1.029847 
0.117235 72.944955 171.066295 1.029844 
0.118065 72.945308 171.067455 1.029837 
0.118450 72.935451 171.072817 1.029778 
0.119070 72.940564 171.081038 1.029588 
0.119491 72.946011 171.083189 1.029432 
0.120579 72.947336 171.091645 1.029708 
0.121096 72.947248 171.096989 1.029738 
0.122211 72.946162 171.108870 1.029723 
0.123175 72.945608 171.109271 1.029586 
0.124127 72.943632 171.114385 1.029679 
0.125121 72.943268 171.127850 1.029807 
0.125596 72.948387 171.120942 1.029736 
0.127040 72.948606 171.133980 1.029700 
0.128505 72.943261 171.145210 1.029852 
0.128732 72.948288 171.151660 1.029852 
0.129393 72.955973 171.156537 1.029760 
0.129761 72.951096 171.156725 1.029960 
0.131361 72.953655 171.168757 1.029762 
0.131994 72.958008 171.176059 1.029822 
0.131815 72.955529 171.179576 1.029632 
0.132354 72.961276 171.184283 1.029533 
0.133178 72.954672 171.195802 1.029600 
0.133787 72.961155 171.206524 1.030023 
0.133929 72.958087 171.205632 1.029658 
0.134621 72.957833 171.211004 1.029820 
0.134563 72.967927 171.217179 1.029697 
0.135393 72.954793 171.223643 1.029503 
0.135464 72.963192 171.226062 1.029816 
0.135472 72.970742 171.225448 1.029691 
0.135460 72.962134 171.240746 1.029637 
0.135678 72.966631 171.240805 1.029909 
0.135387 72.971773 171.248266 1.029773 
0.135543 72.963637 171.259496 1.029833 
0.135271 72.966571 171.252474 1.029708 
0.135036 72.968389 171.258199 1.029840 
0.135075 72.966553 171.264247 1.029883 
0.134455 72.972415 171.281187 1.029852 
0.133875 72.973754 171.269161 1.029933 
0.133669 72.976363 171.282375 1.029826 
0.133336 72.974293 171.282967 1.029638 
0.133102 72.973975 171.277649 1.029721 
0.132500 72.969769 171.288558 1.029605 
0.132144 72.974642 171.278043 1.029823 
0.131060 72.975546 171.282882 1.029799 
0.130390 72.976352 171.286635 1.029671 
0.129926 72.978731 171.282796 1.029878 
0.129535 72.970752 171.294127 1.029506 
0.128286 72.977753 171.295699 1.029702 
0.127707 72.977067 171.293026 1.029829 
0.127218 72.974313 171.302929 1.029883 
0.126616 72.972809 171.299115 1.029615 
0.126366 72.973152 171.317582 1.029617 
0.125907 72.977057 171.307027 1.029695 
0.124822 72.972582 171.304316 1.029708 
0.124611 72.973723 171.323873 1.029765 
0.124200 72.972732 171.317242 1.029822 
0.124034 72.963446 171.326387 1.029681 
0.122894 72.969284 171.320414 1.029846 
0.122934 72.970885 171.316539 1.029622 
0.122987 72.972651 171.320433 1.029664 
0.122441 72.968747 171.318790 1.029786 
0.122826 72.971642 171.330078 1.029764 
0.122435 72.971193 171.331209 1.029738 
0.122396 72.975805 171.324169 1.029372 
0.122714 72.969514 171.335159 1.029734 
0.122330 72.968682 171.332885 1.029739 
0.122067 72.969477 171.330268 1.029841 
0.122607 72.974453 171.343628 1.030049 
0.122288 72.974957 171.336371 1.029672 
0.122408 72.974985 171.344195 1.029696 
0.122355 72.970283 171.347997 1.029549 
0.122860 72.981813 171.345269 1.029725 
0.123278 72.984105 171.356954 1.029712 
0.123570 72.981305 171.358853 1.029634 
0.123831 72.979356 171.362173 1.029745 
0.124712 72.978665 171.366369 1.029729 
0.125328 72.982331 171.375492 1.029466 
0.125791 72.975393 171.380156 1.029590 
0.126132 72.979628 171.386133 1.029825 
0.127287 72.976977 171.395879 1.029469 
0.128360 72.974789 171.399944 1.029745 
0.128292 72.978590 171.399306 1.029820 
0.129467 72.979752 171.412755 1.029502 
0.130337 72.977043 171.417054 1.029532 
0.130910 72.984498 171.416592 1.029739 
0.131879 72.983282 171.422348 1.029790 
0.133048 72.982757 171.432914 1.029621 
0.133441 72.986021 171.421456 1.029851 
0.134231 72.986397 171.435516 1.029673 
0.134995 72.985984 171.442288 1.029610 
0.135926 72.989099 171.435900 1.029521 
0.136867 72.983662 171.452930 1.029600 
0.137054 72.990814 171.444264 1.029804 
0.137887 72.990779 171.456699 1.030048 
0.137862 72.990561 171.448103 1.029939 
0.138860 72.990463 171.460534 1.029852 
0.138673 72.996014 171.463019 1.029870 
0.139264 72.996553 171.463190 1.029838 
0.139708 72.993050 171.465207 1.029610 
0.139420 72.987614 171.465117 1.029645 
0.139387 72.993002 171.461441 1.029653 
0.139563 72.999561 171.469666 1.029707 
0.139705 72.999774 171.470973 1.029736 
0.139439 73.002160 171.472693 1.029779 
0.139067 73.003502 171.477457 1.029941 
0.139092 72.999612 171.470749 1.029704 
0.138994 72.995395 171.468586 1.029955 
0.138029 72.994722 171.469173 1.029744 
0.137748 72.996493 171.473817 1.029959 
0.138072 72.989002 171.486080 1.029944 
0.137358 72.994993 171.485493 1.030009 
0.136518 73.001825 171.472377 1.029925 
0.136390 72.996911 171.485684 1.029962 
0.135371 73.001116 171.484683 1.029952 
0.135143 72.992540 171.491824 1.030036 
0.134328 73.003767 171.501070 1.029937 
0.133420 72.995735 171.501535 1.029932 
0.132342 73.006621 171.501541 1.029721 
0.131244 73.004888 171.516650 1.029591 
0.129989 72.998633 171.509227 1.029756 
0.129491 73.008364 171.517359 1.029877 
0.128246 73.015832 171.520077 1.029809 
0.128095 73.008454 171.534147 1.029611 
0.127341 73.013291 171.534977 1.029804 
0.126307 73.017879 171.534519 1.029425 
0.125281 73.016710 171.539812 1.029648 
0.124882 73.018719 171.545725 1.029729 
0.123839 73.019481 171.542333 1.029636 
0.123362 73.017521 171.567707 1.029682 
0.123225 73.021229 171.571800 1.029801 
0.122262 73.021956 171.569044 1.029479 
0.121718 73.023949 171.576523 1.029661 
0.121687 73.027722 171.588173 1.029623 
0.122781 73.015685 171.598285 1.029574 
0.121243 73.019917 171.599895 1.029758 
0.120656 73.019376 171.606929 1.029749 
0.121095 73.024305 171.608994 1.029729 
0.121219 73.022320 171.622254 1.029824 
0.121120 73.018342 171.628014 1.029522 
0.120725 73.028090 171.632193 1.029713 
0.120991 73.028556 171.645548 1.029685 
0.120288 73.038467 171.639895 1.029637 
0.121058 73.036852 171.652939 1.029754 
0.121199 73.031965 171.649305 1.029699 
0.120810 73.041215 171.652584 1.029658 
0.120726 73.044493 171.649310 1.029612 
0.121138 73.042147 171.650094 1.029825 
0.122043 73.040427 171.653630 1.029943 
0.122307 73.043760 171.658051 1.029822 
0.122277 73.036061 171.653294 1.029777 
0.123106 73.042223 171.661391 1.029808 
0.123790 73.043158 171.662313 1.029794 
0.124416 73.045972 171.670743 1.029833 
0.125486 73.046651 171.681773 1.029714 
0.125867 73.039669 171.681885 1.029695 
0.126527 73.045462 171.689564 1.029649 
0.127780 73.046823 171.688449 1.029749 
0.128226 73.043381 171.680332 1.029866 
0.129248 73.056267 171.685919 1.029894 
0.130390 73.049769 171.684860 1.029865 
0.131007 73.050212 171.682143 1.029901 
0.132272 73.047919 171.684613 1.029867 
0.133514 73.039317 171.690460 1.029822 
0.133985 73.050474 171.683865 1.029695 
0.134318 73.051582 171.682292 1.029708 
0.135152 73.046659 171.683850 1.029847 
0.135875 73.054311 171.678741 1.029743 
0.136259 73.054923 171.678041 1.029621 
0.137302 73.047088 171.678368 1.029883 
0.137989 73.038377 171.685556 1.029812 
0.138042 73.041488 171.684471 1.029831 
0.137752 73.050490 171.673822 1.029703 
0.137906 73.048013 171.685215 1.029745 
0.138673 73.045373 171.690691 1.029669 
0.138302 73.045227 171.694133 1.029672 
0.139076 73.042414 171.695910 1.029854 
0.138601 73.041206 171.690801 1.029914 
0.138433 73.042388 171.700911 1.029781 
0.138269 73.044533 171.702157 1.029753 
0.138458 73.035283 171.705303 1.029807 
0.138210 73.044692 171.710490 1.029668 
0.138617 73.035332 171.714940 1.029569 
0.137884 73.028323 171.718813 1.029522 
0.137290 73.032754 171.724884 1.029742 
0.137652 73.024754 171.731822 1.029628 
0.136764 73.023907 171.741654 1.029705 
0.136287 73.025748 171.749143 1.029761 
0.135998 73.020056 171.748750 1.029767 
0.135361 73.022423 171.763605 1.029750 
