0.183936 73.188368 196.858386 1.029569 
0.184962 73.192006 196.928521 1.029744 
0.186155 73.191467 196.991695 1.029502 
0.187098 73.189409 197.067096 1.029719 
0.188176 73.197159 197.139765 1.029626 
0.189138 73.196883 197.213226 1.029938 
0.190074 73.199180 197.273339 1.029798 
0.190853 73.198085 197.350468 1.029839 
0.191619 73.202977 197.422629 1.029663 
0.191861 73.201844 197.484410 1.029405 
0.192460 73.203200 197.549598 1.029705 
0.192732 73.205647 197.622582 1.029630 
0.193328 73.203634 197.693880 1.029587 
0.193334 73.213404 197.767810 1.029696 
0.193530 73.209835 197.835292 1.029514 
0.193158 73.211103 197.901961 1.029757 
0.193272 73.218651 197.966182 1.029751 
0.192896 73.221702 198.030728 1.029575 
0.192847 73.224647 198.097689 1.029801 
0.192108 73.224266 198.170445 1.029694 
0.192098 73.228402 198.231855 1.029751 
0.191517 73.219416 198.298843 1.029706 
0.191162 73.222184 198.366884 1.029846 
0.190259 73.226374 198.425368 1.029741 
0.189314 73.224464 198.496593 1.029551 
0.188363 73.226258 198.563679 1.029819 
0.187350 73.225362 198.630563 1.030045 
0.186525 73.231724 198.690381 1.029972 
0.185231 73.231520 198.758756 1.029874 
0.183934 73.233884 198.828696 1.029693 
0.183047 73.232177 198.897368 1.029836 
0.182098 73.230804 198.958961 1.029845 
0.180678 73.240887 199.029560 1.029879 
0.179318 73.232968 199.086936 1.029686 
0.178115 73.238290 199.150704 1.029681 
0.176966 73.231385 199.218342 1.029786 
0.175904 73.236097 199.271470 1.029731 
0.174884 73.242783 199.347770 1.029746 
0.173451 73.235504 199.407857 1.029913 
0.172097 73.230457 199.462616 1.029698 
0.171513 73.227228 199.530378 1.029792 
0.170432 73.230813 199.601867 1.029774 
0.169312 73.227285 199.656794 1.029599 
0.168225 73.227113 199.704634 1.029342 
0.167602 73.220681 199.765811 1.029454 
0.166563 73.220593 199.822577 1.029581 
0.166184 73.218920 199.871838 1.029607 
0.165045 73.226993 199.926575 1.029555 
0.164271 73.234943 199.980268 1.029476 
0.162899 73.236210 200.033234 1.029788 
0.162950 73.230616 200.085682 1.029765 
0.162063 73.234977 200.126420 1.030035 
0.161129 73.237799 200.177072 1.029870 
0.161201 73.233377 200.227679 1.029902 
0.160607 73.235677 200.270194 1.029661 
0.159883 73.247914 200.310351 1.029751 
0.159976 73.250646 200.373356 1.030009 
0.160107 73.251983 200.417387 1.029824 
0.160261 73.257654 200.465217 1.029525 
0.160286 73.257391 200.513591 1.029711 
0.160976 73.252198 200.562304 1.029734 
0.161821 73.264652 200.608640 1.029353 
0.162772 73.258816 200.666665 1.029641 
0.163426 73.258330 200.714650 1.029709 
0.164535 73.257103 200.760213 1.029603 
0.165946 73.262275 200.817335 1.029713 
0.166275 73.258323 200.852020 1.029579 
0.167641 73.259902 200.902453 1.029635 
0.168537 73.268392 200.949936 1.029680 
0.169792 73.259124 200.998628 1.029721 
0.170754 73.254353 201.041890 1.029597 
0.172133 73.258677 201.088606 1.029632 
0.172994 73.257718 201.141969 1.029732 
0.174401 73.261873 201.183516 1.029643 
0.175437 73.263807 201.229341 1.029706 
0.176646 73.261062 201.272709 1.029692 
0.178138 73.255827 201.317655 1.029775 
0.178964 73.256753 201.363246 1.029755 
0.180366 73.252822 201.413014 1.029628 
0.181232 73.262838 201.458580 1.029511 
0.181865 73.259390 201.505259 1.029795 
0.182160 73.261753 201.549463 1.029710 
0.182736 73.258481 201.604615 1.029567 
0.183429 73.264732 201.647064 1.029766 
0.183936 73.265009 201.698088 1.029437 
0.184322 73.268872 201.736632 1.029759 
0.184848 73.266544 201.781994 1.029613 
0.184912 73.264439 201.828785 1.029614 
0.185352 73.266484 201.869480 1.029521 
0.185454 73.268853 201.915886 1.029660 
0.184990 73.271452 201.958287 1.029325 
0.185344 73.276306 202.006186 1.029506 
0.185172 73.273970 202.041543 1.029611 
0.184881 73.278410 202.082663 1.029498 
0.184250 73.270450 202.119810 1.029917 
0.183980 73.279123 202.163491 1.029807 
0.183271 73.280168 202.194755 1.029533 
0.182513 73.271828 202.243948 1.029733 
0.181788 73.278415 202.278147 1.029775 
0.181721 73.275105 202.320207 1.029658 
0.180813 73.275166 202.353538 1.029583 
0.179789 73.280904 202.391376 1.029679 
0.178647 73.280065 202.429710 1.029430 
0.178142 73.281881 202.465939 1.029602 
0.177103 73.281769 202.508097 1.029430 
0.176385 73.284321 202.546636 1.029363 
0.175351 73.283422 202.581002 1.029503 
0.173607 73.284737 202.616854 1.029525 
0.172658 73.281461 202.655304 1.029562 
0.171756 73.286799 202.689131 1.029579 
0.170380 73.285407 202.731545 1.029504 
0.169466 73.283979 202.757742 1.029648 
0.169140 73.278454 202.792775 1.029620 
0.167506 73.282800 202.832524 1.029723 
0.167661 73.277238 202.872197 1.029597 
0.166126 73.281401 202.898713 1.029674 
0.165205 73.284981 202.938953 1.029642 
0.164032 73.281322 202.970433 1.029614 
0.163479 73.282871 202.999689 1.029492 
0.162730 73.280716 203.038042 1.029487 
0.162833 73.280753 203.080795 1.029634 
0.162830 73.271912 203.112753 1.029600 
0.162564 73.271716 203.156011 1.029769 
0.162408 73.275557 203.197671 1.029530 
0.162297 73.273744 203.236098 1.029626 
0.161947 73.263930 203.260040 1.029630 
0.161495 73.267555 203.299990 1.029638 
0.161220 73.272508 203.331494 1.029707 
0.160801 73.271954 203.362636 1.029503 
0.160695 73.273361 203.397115 1.029529 
0.161078 73.271093 203.438286 1.029587 
0.161386 73.280421 203.478867 1.029735 
0.162258 73.264882 203.527885 1.029690 
0.162178 73.269990 203.559144 1.029422 
0.162540 73.269188 203.603293 1.029620 
0.162922 73.266908 203.642456 1.029738 
0.164370 73.267528 203.680697 1.029656 
0.164865 73.265147 203.722581 1.029726 
0.166446 73.258215 203.756927 1.029799 
0.166120 73.269320 203.790204 1.029702 
0.167936 73.263635 203.833730 1.029631 
0.167701 73.271767 203.863728 1.029508 
0.169387 73.263531 203.905860 1.029542 
0.170140 73.266550 203.934695 1.029731 
0.171050 73.262246 203.973367 1.029649 
0.171646 73.276190 204.009254 1.029590 
0.173316 73.263595 204.049084 1.029712 
0.174564 73.262488 204.096684 1.029601 
0.175632 73.265125 204.125930 1.029677 
0.176206 73.273132 204.158144 1.029813 
0.177013 73.265999 204.187575 1.029582 
0.178710 73.264017 204.233319 1.029653 
0.180860 73.260154 204.275457 1.029710 
0.181373 73.253243 204.301872 1.029809 
0.183447 73.251895 204.352206 1.029796 
0.184176 73.256152 204.382090 1.029858 
0.185948 73.250960 204.427879 1.029820 
0.185923 73.248374 204.457559 1.029762 
0.187265 73.254676 204.499944 1.029765 
0.187620 73.250591 204.539207 1.029833 
0.188354 73.252729 204.577523 1.029631 
0.189028 73.255143 204.607966 1.029606 
0.189835 73.254750 204.649240 1.029619 
0.189650 73.255329 204.688327 1.029736 
0.190270 73.255910 204.719017 1.029642 
0.190232 73.253018 204.754709 1.029740 
0.190619 73.246786 204.796791 1.029789 
0.190226 73.253493 204.827299 1.029681 
0.190106 73.255013 204.860252 1.029632 
0.189756 73.254225 204.898613 1.029588 
0.189730 73.252312 204.932270 1.029753 
0.189040 73.257738 204.966375 1.029646 
0.188787 73.252116 204.993996 1.029578 
0.188074 73.251346 205.032496 1.029684 
0.187035 73.250031 205.059970 1.029595 
0.186422 73.252436 205.100323 1.029724 
0.185767 73.257809 205.134077 1.029653 
0.185422 73.253255 205.164443 1.029627 
0.184397 73.259955 205.193104 1.029423 
0.183664 73.254841 205.225429 1.029503 
0.182837 73.255416 205.266320 1.029641 
0.182029 73.248847 205.292445 1.029588 
0.179902 73.255408 205.318980 1.029639 
0.178788 73.253566 205.350468 1.029694 
0.177907 73.254143 205.381340 1.029673 
0.177012 73.256665 205.405806 1.029673 
0.175753 73.243494 205.435168 1.029757 
0.174633 73.250823 205.467930 1.029906 
0.173253 73.251144 205.490004 1.029505 
0.172265 73.250202 205.526409 1.029657 
0.171448 73.249154 205.548923 1.029953 
0.170411 73.241278 205.584176 1.029943 
0.169467 73.252875 205.611748 1.030190 
0.169074 73.246015 205.641405 1.030126 
0.168961 73.237151 205.675836 1.029725 
0.168215 73.241773 205.697038 1.029932 
0.167330 73.240474 205.729959 1.029806 
0.167097 73.233961 205.749971 1.030187 
0.165677 73.238691 205.782412 1.029945 
0.165655 73.232603 205.809904 1.029781 
