0.095850 73.974017 140.050340 1.029860 
0.129718 74.058416 165.562869 1.029815 
0.129907 74.060338 165.594502 1.029589 
0.129719 74.055588 165.631501 1.029539 
0.129764 74.056023 165.669826 1.029569 
0.129497 74.050996 165.706074 1.029579 
0.129787 74.047885 165.738983 1.029655 
0.129954 74.055158 165.775954 1.029659 
0.130079 74.052120 165.810180 1.029506 
0.129816 74.051006 165.843007 1.029697 
0.130110 74.046794 165.882989 1.029450 
0.129796 74.046356 165.914139 1.029746 
0.130008 74.050146 165.953393 1.029595 
0.130401 74.048795 165.995779 1.029594 
0.130562 74.050666 166.020790 1.029574 
0.131322 74.040915 166.064092 1.029715 
0.131337 74.048919 166.103450 1.029748 
0.131862 74.040574 166.133062 1.029649 
0.132442 74.046056 166.175224 1.029782 
0.133199 74.053126 166.207556 1.029688 
0.133538 74.050312 166.237498 1.029745 
0.134528 74.051130 166.272057 1.029628 
0.134632 74.054122 166.306559 1.029806 
0.135249 74.054249 166.345361 1.029863 
0.136312 74.050745 166.381775 1.030052 
0.137197 74.054851 166.422364 1.029998 
0.138128 74.055464 166.458867 1.029723 
0.138589 74.057152 166.487975 1.029807 
0.138910 74.055499 166.522430 1.029827 
0.139486 74.051194 166.562654 1.029722 
0.140924 74.058995 166.597943 1.029883 
0.141728 74.057521 166.635696 1.029937 
0.141721 74.054026 166.664480 1.029720 
0.142202 74.058351 166.697282 1.029707 
0.142462 74.060412 166.728220 1.029695 
0.143165 74.057988 166.762483 1.029698 
0.143901 74.045816 166.794521 1.029567 
0.144198 74.049453 166.828760 1.029676 
0.144775 74.047131 166.869451 1.029599 
0.144799 74.047248 166.889573 1.029892 
0.143953 74.051748 166.916737 1.029689 
0.144400 74.059446 166.948612 1.029752 
0.143781 74.059222 166.973448 1.029680 
0.144592 74.054657 167.013187 1.029667 
0.144006 74.052283 167.025911 1.029768 
0.144063 74.050236 167.049480 1.029811 
0.143477 74.054596 167.085175 1.029777 
0.142907 74.047433 167.107460 1.029496 
0.142100 74.056101 167.135027 1.029979 
0.140976 74.061865 167.145299 1.029778 
0.140042 74.055289 167.182730 1.029769 
0.140327 74.057702 167.215063 1.029839 
0.138980 74.063501 167.250935 1.029766 
0.137600 74.064672 167.286960 1.029699 
0.136943 74.057200 167.316597 1.029779 
0.135821 74.057840 167.358963 1.029738 
0.134880 74.065914 167.385398 1.029822 
0.134028 74.063281 167.416104 1.029808 
0.133233 74.064779 167.446449 1.029637 
0.132588 74.060197 167.481355 1.029790 
0.131460 74.063219 167.512818 1.029923 
0.131417 74.064948 167.551466 1.029787 
0.129734 74.068146 167.570632 1.029710 
0.128919 74.078349 167.587279 1.029870 
0.128074 74.074218 167.622719 1.029599 
0.127222 74.070907 167.644217 1.029538 
0.126047 74.075515 167.671994 1.029735 
0.125398 74.076115 167.696613 1.029638 
0.124330 74.081303 167.718206 1.029565 
0.124026 74.083002 167.752107 1.029782 
0.123260 74.080379 167.770065 1.029980 
0.122636 74.087444 167.795813 1.029753 
0.121984 74.086367 167.823115 1.029697 
0.121563 74.088575 167.848633 1.029831 
0.121157 74.096379 167.877246 1.029572 
0.120790 74.105146 167.890511 1.029680 
0.120491 74.097332 167.925990 1.029656 
0.120231 74.098756 167.945537 1.029787 
0.120352 74.097984 167.972976 1.029763 
0.120492 74.102903 167.992769 1.029777 
0.120674 74.098020 168.022474 1.029775 
0.121157 74.102848 168.047940 1.029734 
0.121475 74.099200 168.069606 1.029932 
0.121836 74.100173 168.089542 1.029862 
0.122801 74.099376 168.125254 1.029755 
0.123208 74.105364 168.152004 1.029852 
0.124186 74.102323 168.174621 1.029931 
0.125173 74.109051 168.190253 1.029874 
0.125977 74.110511 168.228438 1.029669 
0.127161 74.116953 168.251595 1.029707 
0.128233 74.102672 168.282343 1.029595 
0.129203 74.105109 168.301759 1.029647 
0.130352 74.109129 168.327072 1.029764 
0.131789 74.111977 168.356445 1.029971 
0.132819 74.116345 168.380107 1.029923 
0.134386 74.112774 168.401292 1.029756 
0.135361 74.109574 168.423733 1.029842 
0.136691 74.109367 168.453161 1.029734 
0.138307 74.120730 168.468871 1.029649 
0.139591 74.112175 168.488494 1.029497 
0.140820 74.110597 168.515056 1.029700 
0.141925 74.116355 168.534990 1.029625 
0.143183 74.111634 168.553637 1.029582 
0.144315 74.120829 168.589982 1.029701 
0.144680 74.121419 168.601972 1.029709 
0.145649 74.123574 168.620277 1.029860 
0.146965 74.114269 168.646976 1.029756 
0.147675 74.117931 168.660188 1.029630 
0.148579 74.120916 168.685236 1.029855 
0.149796 74.113496 168.709582 1.029660 
0.150393 74.113485 168.724120 1.029796 
0.150989 74.116121 168.747396 1.029723 
0.151271 74.119108 168.764010 1.029718 
0.151041 74.115769 168.778508 1.029738 
0.151025 74.117851 168.789385 1.029646 
0.151160 74.116021 168.816514 1.029774 
0.151166 74.113459 168.824432 1.029762 
0.151075 74.109417 168.854893 1.029729 
0.150754 74.112670 168.871450 1.029581 
0.150258 74.120175 168.889294 1.029637 
0.149342 74.111644 168.903924 1.029680 
0.148751 74.108930 168.920676 1.029707 
0.148939 74.113511 168.944019 1.029827 
0.147748 74.113167 168.964642 1.029854 
0.146803 74.115411 168.989324 1.029675 
0.146344 74.121297 169.013596 1.029772 
0.145227 74.121915 169.028428 1.029853 
0.143994 74.121705 169.046808 1.030070 
0.143292 74.115890 169.060190 1.029911 
0.142452 74.116218 169.079808 1.029916 
0.141236 74.111704 169.098781 1.029578 
0.140261 74.124441 169.110155 1.029765 
0.139177 74.121358 169.124701 1.029992 
0.137984 74.114910 169.148035 1.029765 
0.136672 74.126286 169.165877 1.030032 
0.135201 74.121200 169.185128 1.029894 
0.134110 74.124909 169.196288 1.029763 
0.133253 74.121889 169.214819 1.029857 
0.132393 74.120509 169.242301 1.029714 
0.131269 74.117489 169.255364 1.029736 
0.130112 74.112701 169.271062 1.029830 
0.128775 74.112722 169.286453 1.029852 
0.127846 74.117868 169.304058 1.029608 
0.127352 74.111164 169.310822 1.029818 
0.126609 74.109039 169.340646 1.029753 
0.126304 74.111123 169.355104 1.029631 
0.125039 74.113835 169.356358 1.029757 
0.125356 74.102132 169.381646 1.029890 
0.125190 74.100084 169.388622 1.029941 
0.125046 74.100589 169.403285 1.029928 
0.123806 74.109998 169.409816 1.029697 
0.123540 74.104805 169.428732 1.029834 
0.123013 74.101101 169.442204 1.030016 
0.122921 74.101743 169.448372 1.029781 
0.123440 74.098791 169.465665 1.029853 
0.122973 74.094438 169.475413 1.029695 
0.122641 74.090676 169.491534 1.029791 
0.122262 74.096602 169.496207 1.029927 
0.122333 74.092708 169.510336 1.029910 
0.122423 74.094172 169.516995 1.029721 
0.123559 74.090227 169.539256 1.029813 
0.124042 74.095015 169.548015 1.029665 
0.124925 74.081948 169.552986 1.029876 
0.124493 74.095702 169.564349 1.029830 
0.125249 74.085959 169.576951 1.029586 
0.126107 74.093870 169.600675 1.029656 
0.127714 74.086832 169.599673 1.029904 
0.128228 74.087015 169.610300 1.029872 
0.129015 74.082355 169.628245 1.029853 
0.130334 74.078023 169.632136 1.029891 
0.131337 74.078022 169.642672 1.029913 
0.132935 74.073781 169.654137 1.029607 
0.133714 74.075090 169.660678 1.029535 
0.134614 74.077856 169.672648 1.029771 
0.135377 74.075050 169.680394 1.029677 
0.136203 74.075604 169.681573 1.029891 
0.137497 74.070301 169.692677 1.029805 
0.138198 74.076131 169.702815 1.029875 
0.138993 74.072449 169.711551 1.029805 
0.139382 74.070605 169.714440 1.029742 
0.140452 74.076071 169.720913 1.029743 
0.141257 74.070364 169.726656 1.029746 
0.141883 74.072022 169.736862 1.029842 
0.142417 74.071476 169.746546 1.029644 
0.143500 74.074935 169.753028 1.029686 
0.143895 74.063480 169.761452 1.029707 
0.144558 74.066612 169.764714 1.029540 
0.144977 74.069697 169.784270 1.029602 
0.145304 74.070597 169.788877 1.029524 
0.146056 74.071050 169.794760 1.029655 
0.146012 74.067993 169.796595 1.029384 
0.146760 74.063945 169.812302 1.029875 
0.147012 74.070347 169.816594 1.029707 
0.147097 74.068950 169.821566 1.029739 
0.147009 74.070296 169.823062 1.029655 
0.147381 74.063614 169.833362 1.029570 
0.147225 74.072170 169.838928 1.029735 
0.146846 74.064665 169.847589 1.029771 
0.146615 74.067847 169.853858 1.029635 
0.146525 74.072980 169.859444 1.029648 
