0.165050 73.234007 205.820415 1.029791 
0.090440 73.920841 152.522624 1.029940 
0.089737 73.921295 152.422294 1.029936 
0.089624 73.919426 152.314305 1.029698 
0.089004 73.918924 152.217886 1.029671 
0.088079 73.919441 152.114807 1.029585 
0.088701 73.919574 152.021136 1.029668 
0.088208 73.923055 151.916573 1.029851 
0.087928 73.931626 151.820289 1.029692 
0.087489 73.924837 151.728702 1.029769 
0.087729 73.928860 151.633957 1.029656 
0.087322 73.924626 151.543963 1.029704 
0.087549 73.935659 151.445162 1.029513 
0.087024 73.927325 151.352784 1.029966 
0.087484 73.935522 151.265240 1.029631 
0.088272 73.938680 151.175089 1.029804 
0.087947 73.940036 151.084449 1.029707 
0.088198 73.937766 150.995639 1.030040 
0.088990 73.937126 150.899861 1.029868 
0.089320 73.941319 150.807918 1.029845 
0.089689 73.945451 150.719987 1.029802 
0.091466 73.939042 150.647343 1.029621 
0.092033 73.932034 150.551596 1.029687 
0.092297 73.942605 150.460911 1.029657 
0.092951 73.941302 150.366160 1.029636 
0.093701 73.938282 150.285380 1.029722 
0.094478 73.943885 150.201680 1.029646 
0.096118 73.942355 150.120785 1.029674 
0.096454 73.944957 150.031899 1.029665 
0.097189 73.941070 149.945920 1.029699 
0.097987 73.942530 149.858114 1.029651 
0.098416 73.943794 149.772473 1.029663 
0.099311 73.940575 149.696229 1.029515 
0.099747 73.942314 149.611577 1.029966 
0.100436 73.943930 149.532703 1.029969 
0.100501 73.943484 149.449637 1.029907 
0.101362 73.941928 149.366137 1.029840 
0.101713 73.945627 149.293223 1.029538 
0.102228 73.939754 149.206607 1.029593 
0.102566 73.940038 149.123751 1.029637 
0.102509 73.944702 149.048187 1.029806 
0.102982 73.941469 148.971906 1.029721 
0.103019 73.937369 148.879148 1.029730 
0.102772 73.943390 148.794253 1.029765 
0.103019 73.947027 148.707062 1.029733 
0.103212 73.944153 148.628373 1.029476 
0.102887 73.945786 148.543844 1.029506 
0.102440 73.943142 148.464445 1.029680 
0.102449 73.942479 148.382300 1.029784 
0.102108 73.945772 148.314596 1.029811 
0.101835 73.948036 148.232299 1.029835 
0.101548 73.940620 148.157812 1.029831 
0.100710 73.948146 148.074366 1.029742 
0.099878 73.944135 147.992468 1.029581 
0.099212 73.952206 147.922042 1.029600 
0.098554 73.951554 147.853278 1.029629 
0.098033 73.948534 147.776576 1.029859 
0.097425 73.952792 147.693225 1.029904 
0.096518 73.951589 147.621142 1.029829 
0.095685 73.949427 147.552101 1.029836 
0.094818 73.957473 147.471812 1.029887 
0.093910 73.951823 147.398715 1.029760 
0.092927 73.950836 147.318261 1.029795 
0.092080 73.952044 147.250697 1.029617 
0.090963 73.952495 147.173380 1.029822 
0.089964 73.949835 147.101683 1.029608 
0.089300 73.947983 147.028307 1.029855 
0.088186 73.951014 146.961704 1.029904 
0.087412 73.946898 146.882350 1.029742 
0.086541 73.952541 146.810783 1.029684 
0.085584 73.949815 146.745772 1.029846 
0.084889 73.945044 146.675065 1.029677 
0.083723 73.950154 146.603980 1.029589 
0.083008 73.947861 146.527874 1.029542 
0.082593 73.943991 146.464727 1.029643 
0.082152 73.954263 146.388585 1.029599 
0.081547 73.951254 146.319881 1.029875 
0.081442 73.950942 146.248096 1.029694 
0.081173 73.952822 146.178488 1.029797 
0.080900 73.955216 146.101354 1.029930 
0.080927 73.950837 146.033920 1.029747 
0.080892 73.950314 145.968601 1.029745 
0.080860 73.956343 145.901730 1.029922 
0.080855 73.945054 145.833306 1.029676 
0.081043 73.951783 145.758988 1.029977 
0.080979 73.955540 145.699146 1.029645 
0.081626 73.957699 145.625783 1.029672 
0.082096 73.950784 145.568914 1.029772 
0.082155 73.953862 145.501629 1.029751 
0.082411 73.952126 145.429919 1.029732 
0.082775 73.959726 145.371581 1.029824 
0.083392 73.955908 145.303522 1.029662 
0.083690 73.952871 145.251253 1.029788 
0.083947 73.949178 145.190605 1.029798 
0.084503 73.954191 145.127194 1.029584 
0.085348 73.957998 145.073735 1.029675 
0.086009 73.958615 145.004957 1.029652 
0.086569 73.966155 144.949398 1.029970 
0.087370 73.960163 144.890513 1.029886 
0.088302 73.957446 144.828493 1.029876 
0.089065 73.961818 144.769048 1.029796 
0.089845 73.963023 144.713448 1.029720 
0.090546 73.963712 144.646689 1.029741 
0.091338 73.957266 144.586467 1.029719 
0.092021 73.957162 144.526222 1.029753 
0.092624 73.960439 144.467977 1.029714 
0.093987 73.962550 144.402019 1.029895 
0.094923 73.957982 144.336715 1.029911 
0.095385 73.964468 144.275505 1.029909 
0.096110 73.972568 144.217371 1.029958 
0.096656 73.968572 144.161699 1.030012 
0.097093 73.963867 144.104261 1.029911 
0.097346 73.964797 144.043501 1.030061 
0.097424 73.966489 143.987424 1.030012 
0.098091 73.961759 143.929101 1.029921 
0.098273 73.974161 143.868080 1.029884 
0.098140 73.968468 143.804448 1.029849 
0.098370 73.964558 143.754584 1.029765 
0.098099 73.961858 143.687552 1.029974 
0.098060 73.963930 143.639010 1.029792 
0.098057 73.960611 143.581158 1.029898 
0.097985 73.961372 143.517303 1.029733 
0.097348 73.957290 143.456379 1.029760 
0.096818 73.963173 143.401791 1.029513 
0.096411 73.958164 143.340232 1.029635 
0.096001 73.961064 143.294234 1.029591 
0.095377 73.953984 143.238395 1.029457 
0.095162 73.962823 143.173380 1.029963 
0.094260 73.964973 143.121485 1.029680 
0.093766 73.953491 143.077635 1.029533 
0.093045 73.959482 143.016770 1.029735 
0.091983 73.960687 142.957163 1.029674 
0.091707 73.960901 142.904570 1.029800 
0.090604 73.958281 142.857743 1.029735 
0.089806 73.965102 142.801472 1.029803 
0.089049 73.958877 142.751322 1.029709 
0.088007 73.962616 142.700067 1.029926 
0.087326 73.961038 142.647550 1.029596 
0.086540 73.957791 142.602064 1.029510 
0.085423 73.963037 142.544286 1.029857 
0.084590 73.960769 142.491222 1.029725 
0.083811 73.966878 142.445607 1.029793 
0.082935 73.958906 142.403238 1.029774 
0.081840 73.962309 142.339480 1.029686 
0.080958 73.958579 142.305869 1.029772 
0.080383 73.964147 142.262471 1.029827 
0.080195 73.973367 142.212925 1.029834 
0.079124 73.968123 142.169771 1.029750 
0.078711 73.964677 142.125582 1.029604 
0.078100 73.970052 142.081536 1.029647 
0.077324 73.971513 142.037327 1.029664 
0.076947 73.976943 141.989788 1.029835 
0.076546 73.976659 141.947236 1.029711 
0.076613 73.978146 141.906657 1.029869 
0.076428 73.978672 141.858132 1.029941 
0.076497 73.980855 141.814816 1.029915 
0.075887 73.988341 141.771752 1.029816 
0.076009 73.993274 141.724084 1.029716 
0.076148 73.986980 141.688585 1.029741 
0.076428 73.992822 141.641807 1.029683 
0.076755 73.992238 141.595571 1.029748 
0.076882 73.994383 141.562235 1.029861 
0.077494 73.994779 141.519045 1.029732 
0.077835 73.990919 141.479877 1.030046 
0.078416 74.000809 141.438295 1.029774 
0.079035 73.994829 141.396384 1.029805 
0.079820 74.001512 141.357798 1.029745 
0.081022 73.996892 141.323627 1.029956 
0.081540 74.002891 141.284647 1.029748 
0.082141 74.001423 141.239961 1.029774 
0.083078 73.995048 141.208937 1.029626 
0.084342 74.003534 141.167787 1.029764 
0.084928 74.000913 141.130681 1.029930 
0.085712 73.995051 141.092338 1.029888 
0.086641 74.007983 141.052614 1.029949 
0.087443 73.996586 141.011052 1.029750 
0.088333 73.997263 140.979431 1.029730 
0.089612 73.995634 140.931401 1.029897 
0.090782 73.997449 140.899582 1.030066 
0.091385 73.998840 140.862946 1.029922 
0.092074 73.994703 140.815004 1.029868 
0.093054 73.995155 140.779675 1.029796 
0.093958 73.990388 140.738124 1.029620 
0.094728 73.998595 140.698450 1.029757 
0.095187 73.995939 140.662925 1.029714 
0.095978 73.999160 140.617720 1.029812 
0.096678 73.993582 140.585004 1.029394 
0.097033 73.994106 140.551912 1.029757 
0.097754 73.993639 140.504443 1.029803 
0.098306 73.990385 140.473911 1.029861 
0.098419 73.981869 140.432558 1.029737 
0.098162 73.989044 140.386503 1.029798 
0.098317 73.981832 140.350731 1.029822 
0.098261 73.981566 140.319762 1.030034 
0.098436 73.976071 140.286477 1.029799 
0.098206 73.977891 140.247345 1.029872 
0.098092 73.973413 140.213809 1.029829 
0.097315 73.980437 140.167231 1.029659 
0.097127 73.972595 140.131263 1.029911 
0.096526 73.972228 140.091357 1.029747 
