0.082175 72.924419 133.324816 1.029786 
0.082747 72.921601 133.310168 1.029622 
0.083333 72.926038 133.297972 1.029646 
0.083645 72.924271 133.285881 1.029473 
0.083851 72.920290 133.277385 1.029494 
0.084044 72.926627 133.274572 1.029447 
0.084392 72.918006 133.267441 1.029541 
0.084526 72.923370 133.246603 1.029423 
0.084549 72.929744 133.251328 1.029480 
0.084615 72.927354 133.244143 1.029667 
0.084472 72.921124 133.244051 1.029573 
0.084159 72.923337 133.223943 1.029485 
0.084165 72.921371 133.224364 1.029670 
0.083894 72.917028 133.212476 1.029615 
0.083717 72.917405 133.197918 1.029720 
0.083490 72.914202 133.185955 1.029610 
0.082956 72.919250 133.183287 1.029607 
0.082717 72.913741 133.181861 1.029846 
0.082399 72.917862 133.170914 1.029455 
0.081985 72.919842 133.158077 1.029534 
0.081751 72.915836 133.154648 1.029551 
0.080992 72.913225 133.144192 1.029640 
0.081083 72.914680 133.128853 1.029899 
0.080801 72.913508 133.116445 1.029620 
0.080088 72.912455 133.105983 1.029633 
0.079807 72.920090 133.094305 1.029578 
0.079339 72.909816 133.082087 1.029370 
0.079005 72.908101 133.075412 1.029269 
0.078173 72.912372 133.059754 1.029356 
0.077871 72.912697 133.054543 1.029479 
0.077258 72.908193 133.046891 1.029716 
0.077033 72.913757 133.032856 1.029699 
0.076801 72.911105 133.024342 1.029544 
0.076242 72.912080 133.020175 1.029645 
0.075960 72.919445 133.002782 1.029639 
0.075533 72.913219 132.997308 1.029821 
0.075493 72.913050 132.994890 1.029622 
0.075183 72.917510 132.975021 1.029936 
0.075412 72.921192 132.971296 1.029578 
0.075015 72.912898 132.966548 1.029646 
0.074762 72.913832 132.953938 1.029755 
0.074961 72.911734 132.946950 1.029693 
0.075048 72.909388 132.933854 1.029674 
0.074840 72.911635 132.928557 1.029550 
0.075197 72.908670 132.926767 1.029637 
0.075544 72.901424 132.913130 1.029844 
0.075958 72.904018 132.905589 1.029707 
0.076036 72.903710 132.889078 1.029685 
0.076235 72.907733 132.888181 1.029734 
0.076631 72.901668 132.882413 1.029725 
0.077030 72.898275 132.874519 1.029705 
0.077365 72.902964 132.865906 1.029493 
0.077659 72.898737 132.849636 1.029721 
0.078085 72.899911 132.851130 1.029671 
0.078606 72.898841 132.843448 1.029843 
0.079309 72.903008 132.830862 1.029666 
0.079910 72.903026 132.827939 1.029562 
0.080423 72.897739 132.816388 1.029478 
0.080959 72.897842 132.812301 1.029566 
0.081683 72.898617 132.809029 1.029676 
0.082565 72.895149 132.806278 1.029670 
0.083029 72.898811 132.796742 1.029453 
0.083771 72.894857 132.797680 1.029668 
0.084589 72.901249 132.791929 1.029689 
0.085511 72.901067 132.784687 1.029535 
0.086447 72.894292 132.784920 1.029691 
0.087274 72.896659 132.784388 1.029582 
0.088098 72.890895 132.771821 1.029586 
0.088788 72.896037 132.772051 1.029759 
0.089846 72.894210 132.772943 1.029792 
0.090686 72.895375 132.770390 1.029646 
0.091385 72.894737 132.766903 1.029663 
0.092414 72.898557 132.757522 1.029961 
0.093279 72.894639 132.757441 1.029913 
0.093871 72.898227 132.749458 1.029759 
0.094700 72.891522 132.741195 1.029947 
0.095495 72.890924 132.729139 1.029913 
0.096483 72.892407 132.732262 1.029886 
0.097206 72.892685 132.722304 1.029920 
0.097491 72.899198 132.715481 1.029817 
0.097683 72.893489 132.706816 1.029844 
0.098292 72.890840 132.702817 1.029660 
0.098415 72.903176 132.689553 1.029807 
0.098706 72.895950 132.684080 1.029779 
0.098710 72.898895 132.681619 1.029694 
0.098530 72.894729 132.663685 1.029831 
0.098485 72.897827 132.669756 1.029851 
0.098067 72.900165 132.664256 1.030101 
0.097748 72.897447 132.656734 1.029729 
0.097443 72.902408 132.654064 1.029589 
0.097376 72.898876 132.649462 1.029680 
0.096215 72.897521 132.643378 1.029488 
0.095774 72.899969 132.631614 1.029560 
0.095138 72.899392 132.627245 1.029828 
0.094745 72.904591 132.619978 1.029747 
0.094036 72.906747 132.610928 1.029861 
0.093136 72.911061 132.600954 1.029865 
0.092516 72.908555 132.597094 1.029823 
0.092250 72.909211 132.591958 1.029948 
0.092074 72.910251 132.590825 1.029970 
0.090796 72.910180 132.570077 1.029805 
0.089953 72.910877 132.565637 1.029770 
0.089023 72.910778 132.558316 1.029888 
0.087899 72.903470 132.545677 1.029613 
0.087261 72.907492 132.540150 1.029582 
0.086563 72.910259 132.539635 1.029418 
0.086166 72.913449 132.527071 1.029787 
0.084790 72.911037 132.520382 1.029585 
0.084365 72.912481 132.512057 1.029460 
0.083910 72.911563 132.494167 1.029635 
0.083411 72.907395 132.491279 1.029739 
0.082385 72.910867 132.484810 1.029605 
0.082005 72.912237 132.480456 1.029573 
0.081759 72.922645 132.481672 1.029665 
0.081531 72.918723 132.469008 1.029866 
0.081259 72.917703 132.460382 1.029652 
0.081318 72.912518 132.448178 1.029801 
0.081519 72.921711 132.441430 1.029743 
0.081489 72.916601 132.434736 1.029755 
0.081540 72.920568 132.432882 1.029837 
0.081479 72.921977 132.422921 1.029904 
0.081237 72.920729 132.406559 1.030010 
0.081631 72.920719 132.406137 1.029844 
0.082188 72.928588 132.405119 1.029864 
0.082455 72.927852 132.381558 1.029853 
0.082624 72.929877 132.385443 1.029760 
0.083030 72.931542 132.372065 1.029709 
0.083416 72.929160 132.371767 1.029895 
0.084151 72.930752 132.368211 1.029834 
0.085069 72.932524 132.359126 1.029962 
0.085546 72.933864 132.349605 1.029762 
0.086119 72.932352 132.347887 1.029729 
0.087416 72.932971 132.336259 1.029674 
0.088368 72.934348 132.328128 1.029879 
0.089284 72.934142 132.318040 1.029841 
0.090360 72.937790 132.314168 1.029634 
0.091182 72.939312 132.311606 1.029542 
0.092537 72.936790 132.295779 1.029752 
0.093509 72.932619 132.288876 1.029885 
0.094523 72.941121 132.280050 1.029837 
0.095421 72.935005 132.280110 1.029564 
0.096906 72.939413 132.274202 1.029557 
0.097521 72.947751 132.265346 1.029721 
0.099112 72.948436 132.257828 1.029716 
0.099557 72.951829 132.248362 1.029732 
0.100013 72.958318 132.242511 1.029843 
0.100775 72.957968 132.237741 1.029560 
0.101895 72.958616 132.227397 1.029660 
0.102537 72.957931 132.228020 1.029705 
0.102996 72.961889 132.213829 1.029734 
0.103483 72.967236 132.203160 1.029659 
0.103976 72.969869 132.210445 1.029541 
0.104175 72.971553 132.181530 1.029743 
0.104596 72.974151 132.174269 1.029628 
0.104679 72.982138 132.164694 1.029586 
0.104811 72.978000 132.158500 1.029554 
0.105117 72.987007 132.154558 1.029668 
0.105631 72.988879 132.143691 1.029738 
0.105705 72.992541 132.130113 1.029620 
0.105556 72.999344 132.129089 1.029620 
0.105151 72.995015 132.111313 1.029918 
0.105411 73.000131 132.103991 1.029803 
0.105295 72.995406 132.092501 1.029869 
0.104805 72.995715 132.084991 1.029599 
0.104468 73.001144 132.083573 1.029785 
0.104261 73.004925 132.071255 1.029714 
0.103514 73.006188 132.049807 1.029645 
0.102686 73.003823 132.046876 1.029671 
0.102453 72.999846 132.037956 1.029547 
0.101988 73.004355 132.032546 1.029678 
0.101305 73.008755 132.025785 1.029494 
0.100299 73.002893 132.007512 1.029803 
0.099967 73.006699 131.998573 1.029591 
0.099338 73.010461 131.998864 1.029831 
0.098566 73.012582 131.984129 1.029612 
0.097633 73.008370 131.981611 1.029757 
0.097314 73.001729 131.972417 1.029728 
0.096757 73.010652 131.966100 1.029761 
0.095855 73.007405 131.948384 1.029780 
0.095026 73.006794 131.954300 1.029755 
0.094252 73.000502 131.936569 1.029828 
0.093877 73.005535 131.933962 1.029575 
0.093604 73.001264 131.924371 1.029793 
0.092803 73.001753 131.915089 1.029711 
0.092450 72.999620 131.911523 1.029595 
0.092136 73.006246 131.898007 1.029870 
0.092026 73.001379 131.902857 1.029805 
0.091520 73.003426 131.896044 1.029733 
0.091676 73.000938 131.890836 1.029441 
0.091586 73.000907 131.878045 1.029461 
0.091645 72.996864 131.882773 1.029648 
0.091077 72.998970 131.879902 1.029450 
0.091220 72.993659 131.888820 1.029678 
0.091311 72.995516 131.872950 1.029703 
0.091426 72.997249 131.869576 1.029771 
0.091831 72.989641 131.873199 1.029728 
0.092133 72.988626 131.879325 1.029624 
0.092096 72.997925 131.870232 1.029609 
0.092486 72.982136 131.858632 1.029611 
0.093070 72.988693 131.855969 1.029714 
