0.070648 72.077758 122.993947 1.029865 
0.140611 72.094117 172.146179 1.029744 
0.139712 72.094868 172.143696 1.029934 
0.138689 72.092920 172.141334 1.030183 
0.137540 72.096352 172.147955 1.030050 
0.137134 72.103203 172.154003 1.029823 
0.136683 72.090772 172.157288 1.029849 
0.136432 72.092698 172.168211 1.029893 
0.135558 72.086158 172.154756 1.029758 
0.134616 72.096907 172.179076 1.029815 
0.133837 72.095008 172.174962 1.029879 
0.133192 72.098460 172.176198 1.029638 
0.133255 72.092497 172.177896 1.029523 
0.132845 72.099579 172.183330 1.029807 
0.132669 72.094884 172.195117 1.030108 
0.131581 72.095025 172.188066 1.029762 
0.131249 72.095376 172.189419 1.030090 
0.131338 72.097567 172.194619 1.029843 
0.131143 72.101510 172.185976 1.029936 
0.131035 72.098931 172.196448 1.030043 
0.130923 72.100335 172.199495 1.029864 
0.130723 72.099230 172.200856 1.029884 
0.130229 72.095195 172.193650 1.029846 
0.130610 72.100313 172.194969 1.029801 
0.130777 72.110038 172.197510 1.029997 
0.131257 72.098856 172.201650 1.029766 
0.131082 72.103346 172.195610 1.029703 
0.130729 72.099551 172.190509 1.029928 
0.131180 72.094639 172.188685 1.029984 
0.131469 72.098188 172.184358 1.029879 
0.132597 72.099696 172.189123 1.029976 
0.132267 72.101829 172.192224 1.029820 
0.132328 72.098907 172.191180 1.029963 
0.132889 72.098314 172.194647 1.029751 
0.133326 72.100820 172.188693 1.029934 
0.134472 72.108162 172.193400 1.029974 
0.134744 72.110584 172.193006 1.029978 
0.135061 72.103413 172.198989 1.029924 
0.135154 72.104587 172.202708 1.029882 
0.135553 72.105458 172.204684 1.029984 
0.136345 72.103484 172.202226 1.029640 
0.137110 72.108926 172.208152 1.029761 
0.136833 72.117511 172.206223 1.030041 
0.137442 72.111637 172.219075 1.029909 
0.137718 72.115788 172.217329 1.029743 
0.138708 72.111960 172.220452 1.029801 
0.139240 72.105767 172.219713 1.029666 
0.139074 72.106507 172.221309 1.029781 
0.138994 72.117116 172.217871 1.029855 
0.139363 72.111536 172.212058 1.029784 
0.139459 72.113311 172.211796 1.029953 
0.140418 72.108262 172.209072 1.029805 
0.140566 72.118090 172.207070 1.029800 
0.140092 72.111023 172.193092 1.029991 
0.140668 72.108742 172.196590 1.029938 
0.140862 72.118135 172.187308 1.029849 
0.141089 72.106452 172.184581 1.029843 
0.140509 72.111136 172.184396 1.029771 
0.140273 72.106655 172.177741 1.029870 
0.140532 72.106634 172.174396 1.029875 
0.141091 72.107702 172.182685 1.030118 
0.140755 72.106114 172.175339 1.030117 
0.140558 72.105134 172.182287 1.029781 
0.140161 72.111820 172.181010 1.029721 
0.139761 72.112936 172.183257 1.029846 
0.139166 72.117962 172.172662 1.029792 
0.138788 72.119577 172.179666 1.029693 
0.139019 72.115906 172.177267 1.029731 
0.138843 72.115533 172.179891 1.029843 
0.138168 72.123773 172.180921 1.029616 
0.137608 72.118753 172.173090 1.029739 
0.137055 72.119860 172.179199 1.029830 
0.136917 72.122684 172.179198 1.029850 
0.136572 72.118545 172.176305 1.029732 
0.136021 72.120517 172.179927 1.029652 
0.136303 72.117955 172.184673 1.029838 
0.135265 72.116493 172.176209 1.029859 
0.134778 72.120859 172.179321 1.029806 
0.134609 72.117501 172.182149 1.029841 
0.134415 72.119479 172.177420 1.030027 
0.133648 72.122554 172.181136 1.030079 
0.133160 72.124007 172.177544 1.029935 
0.133076 72.127642 172.179241 1.030036 
0.133148 72.131769 172.176225 1.029833 
0.132872 72.128081 172.174780 1.029772 
0.132605 72.128979 172.185512 1.029860 
0.132306 72.133510 172.176659 1.029722 
0.132482 72.125649 172.178182 1.029876 
0.132064 72.135338 172.177972 1.029860 
0.131998 72.133555 172.174182 1.029687 
0.132382 72.133839 172.176385 1.029665 
0.132435 72.138086 172.171946 1.029845 
0.132742 72.129428 172.179352 1.029868 
0.132359 72.142370 172.183006 1.029840 
0.132336 72.142543 172.180482 1.029905 
0.133461 72.131386 172.196276 1.029734 
0.134276 72.133355 172.188060 1.029763 
0.134270 72.140137 172.196075 1.029876 
0.133986 72.134975 172.199936 1.030013 
0.133875 72.139759 172.206904 1.029759 
0.134146 72.139304 172.208188 1.029979 
0.135217 72.137477 172.216448 1.029854 
0.135273 72.138807 172.221573 1.029758 
0.135018 72.134301 172.217074 1.029805 
0.136247 72.137866 172.226783 1.029847 
0.136671 72.140788 172.234395 1.029951 
0.137245 72.137525 172.234462 1.030004 
0.137658 72.139429 172.240929 1.029815 
0.138142 72.143695 172.238980 1.030119 
0.139013 72.140837 172.244574 1.029740 
0.139703 72.139818 172.251367 1.029763 
0.140132 72.144603 172.252564 1.029881 
0.140889 72.143590 172.257532 1.029701 
0.141530 72.143157 172.264499 1.029710 
0.142335 72.136375 172.275442 1.029624 
0.142739 72.142318 172.278581 1.029873 
0.143125 72.145221 172.285129 1.029842 
0.143146 72.147195 172.276579 1.029817 
0.144296 72.144620 172.290499 1.029743 
0.144614 72.138404 172.300631 1.029939 
0.145352 72.142982 172.300975 1.029970 
0.145790 72.149730 172.310074 1.029783 
0.146595 72.138290 172.315620 1.029761 
0.146597 72.152518 172.316394 1.029929 
0.146829 72.146375 172.327595 1.029896 
0.147198 72.146534 172.331726 1.029746 
0.147517 72.150769 172.332731 1.029833 
0.147641 72.158156 172.331869 1.030039 
0.147928 72.153834 172.339175 1.030003 
0.147860 72.155774 172.346857 1.029790 
0.148222 72.159413 172.344043 1.029753 
0.147738 72.154978 172.343915 1.029986 
0.147116 72.160713 172.343331 1.029800 
0.147059 72.157470 172.335658 1.029967 
0.146826 72.156795 172.353735 1.029856 
0.146255 72.158770 172.349411 1.030039 
0.146098 72.162650 172.348998 1.029951 
0.146242 72.160238 172.348186 1.029916 
0.145502 72.159324 172.344665 1.029817 
0.144578 72.165523 172.346499 1.029830 
0.144553 72.164460 172.349488 1.029862 
0.144357 72.160549 172.352551 1.029958 
0.144563 72.155967 172.362699 1.030124 
0.143673 72.157926 172.367101 1.029955 
0.143175 72.157389 172.363219 1.030024 
0.142257 72.162510 172.364182 1.029913 
0.142381 72.159292 172.374730 1.030111 
0.141390 72.167647 172.366988 1.029757 
0.141683 72.168561 172.376258 1.029783 
0.140871 72.168958 172.384443 1.029787 
0.140040 72.166357 172.382750 1.029666 
0.139505 72.170138 172.392704 1.029815 
0.138790 72.163924 172.393195 1.029701 
0.138083 72.169817 172.393232 1.029801 
0.137947 72.167443 172.395519 1.029756 
0.138167 72.157382 172.407342 1.030027 
0.137903 72.160222 172.410280 1.030135 
0.136429 72.169316 172.388462 1.030228 
0.136438 72.163520 172.405572 1.029945 
0.136046 72.159966 172.417773 1.029921 
0.135898 72.166310 172.408933 1.029736 
0.135257 72.164173 172.411155 1.029975 
0.135484 72.167150 172.417791 1.029861 
0.135677 72.164692 172.416401 1.029909 
0.134881 72.170588 172.417911 1.029876 
0.134408 72.171134 172.418791 1.029854 
0.134199 72.173026 172.418409 1.029912 
0.134989 72.169258 172.436341 1.029687 
0.134979 72.172010 172.426806 1.029607 
0.134963 72.174219 172.431537 1.029899 
0.135542 72.173770 172.430837 1.029767 
0.136317 72.175791 172.438646 1.029934 
0.136796 72.171005 172.442391 1.029994 
0.136022 72.175865 172.446255 1.029910 
0.136559 72.173877 172.438100 1.029859 
0.137730 72.173404 172.458783 1.029979 
0.137788 72.178214 172.453911 1.029931 
0.138521 72.179698 172.458691 1.029830 
0.138473 72.174994 172.459355 1.029983 
0.139531 72.176635 172.462869 1.029869 
0.139493 72.177987 172.465558 1.029856 
0.139952 72.178886 172.467340 1.029716 
0.140260 72.180231 172.464416 1.029941 
0.140798 72.175895 172.465867 1.029681 
0.141911 72.173666 172.474320 1.029877 
0.142725 72.179583 172.478787 1.029789 
0.142556 72.183446 172.475520 1.029842 
0.143829 72.177520 172.486736 1.029888 
0.144559 72.176919 172.482159 1.029811 
0.144957 72.178169 172.474876 1.029983 
0.145077 72.183053 172.476495 1.029845 
0.146024 72.173852 172.474346 1.029878 
0.146590 72.175022 172.470801 1.029838 
0.147314 72.175904 172.472559 1.029794 
0.147673 72.179839 172.462421 1.030111 
0.148173 72.186494 172.462908 1.029926 
0.149066 72.180396 172.467488 1.029866 
0.148709 72.185555 172.449294 1.029848 
0.148813 72.188651 172.449244 1.029822 
0.148911 72.183369 172.453834 1.029940 
