0.096764 72.189136 122.105530 1.029956 
0.097424 72.188518 122.114306 1.030223 
0.098389 72.182630 122.124684 1.030014 
0.099408 72.176538 122.129465 1.029951 
0.100048 72.180961 122.140078 1.029789 
0.100757 72.176460 122.150898 1.030038 
0.101010 72.173753 122.162095 1.030081 
0.101516 72.180027 122.167001 1.029770 
0.101755 72.182014 122.181990 1.029779 
0.102528 72.169769 122.183478 1.029854 
0.102561 72.168703 122.193017 1.029940 
0.102404 72.176503 122.208129 1.029617 
0.102287 72.171652 122.220322 1.029619 
0.102377 72.171427 122.225169 1.029779 
0.101928 72.170709 122.233479 1.029561 
0.101504 72.169181 122.239226 1.029737 
0.101171 72.171651 122.251612 1.029779 
0.100500 72.161954 122.256609 1.029735 
0.099994 72.168108 122.269490 1.029603 
0.099247 72.164003 122.276091 1.029595 
0.098225 72.162204 122.278548 1.029648 
0.097299 72.162749 122.293957 1.029778 
0.096438 72.152822 122.301377 1.029794 
0.095355 72.157415 122.313627 1.029729 
0.094472 72.155000 122.320626 1.029787 
0.093034 72.149114 122.330907 1.029833 
0.092044 72.149561 122.338918 1.029627 
0.091032 72.153703 122.345417 1.029553 
0.089575 72.156639 122.372683 1.029652 
0.088479 72.143945 122.382493 1.029785 
0.087194 72.140330 122.390266 1.029722 
0.085952 72.157542 122.404761 1.029663 
0.084918 72.147638 122.410544 1.029640 
0.083679 72.146070 122.421255 1.029586 
0.082800 72.143555 122.429630 1.029862 
0.081530 72.148588 122.437050 1.029646 
0.080340 72.146026 122.437806 1.029681 
0.078940 72.147989 122.450584 1.029674 
0.077685 72.144670 122.463986 1.029672 
0.076919 72.143629 122.460088 1.029638 
0.075823 72.147257 122.463803 1.029845 
0.075000 72.148787 122.469899 1.029986 
0.074230 72.148825 122.476945 1.029998 
0.073163 72.149117 122.476073 1.030038 
0.072788 72.148161 122.476709 1.030002 
0.072353 72.148526 122.484744 1.029930 
0.071694 72.151583 122.493606 1.029641 
0.071308 72.146027 122.489685 1.029776 
0.071493 72.153412 122.496538 1.029703 
0.070949 72.153575 122.499069 1.029994 
0.070953 72.152052 122.505541 1.029751 
0.071060 72.157522 122.502665 1.029683 
0.071394 72.152712 122.504497 1.029802 
0.072116 72.155579 122.510366 1.029605 
0.071976 72.150594 122.517415 1.029863 
0.072712 72.154207 122.520733 1.029932 
0.073308 72.155753 122.521240 1.029560 
0.073948 72.158355 122.520921 1.029886 
0.074722 72.155946 122.527692 1.029938 
0.075407 72.154561 122.527254 1.029841 
0.076199 72.158405 122.524119 1.029970 
0.077312 72.155195 122.525026 1.029683 
0.078255 72.158083 122.516802 1.029773 
0.079336 72.159757 122.516252 1.029953 
0.079907 72.160461 122.511197 1.030111 
0.081000 72.152416 122.508451 1.029804 
0.082268 72.154568 122.506431 1.029855 
0.083330 72.156672 122.505241 1.029982 
0.084208 72.162903 122.494489 1.029892 
0.084977 72.160908 122.491243 1.029951 
0.086001 72.163791 122.488717 1.030021 
0.087024 72.164305 122.483487 1.029763 
0.087649 72.157703 122.475410 1.029860 
0.088346 72.163586 122.461873 1.029930 
0.088777 72.155243 122.443448 1.030000 
0.089479 72.167366 122.440571 1.029829 
0.090020 72.164738 122.434319 1.029746 
0.090301 72.167417 122.423611 1.029716 
0.090420 72.167114 122.419307 1.030003 
0.091064 72.163242 122.414738 1.029934 
0.091023 72.161972 122.413070 1.029756 
0.091122 72.164755 122.407537 1.029796 
0.091184 72.164846 122.398826 1.029789 
0.090917 72.169918 122.392686 1.029700 
0.090856 72.171159 122.393593 1.029848 
0.090980 72.163332 122.391540 1.029798 
0.090539 72.166790 122.385506 1.029762 
0.090428 72.161780 122.376163 1.029890 
0.090421 72.160008 122.372763 1.030101 
0.089936 72.153731 122.364191 1.029904 
0.089510 72.161969 122.357359 1.029675 
0.089385 72.156441 122.355127 1.029960 
0.088654 72.157541 122.351722 1.029834 
0.088064 72.156595 122.344681 1.029995 
0.087183 72.153981 122.345542 1.029931 
0.086403 72.151583 122.340283 1.029894 
0.086133 72.148811 122.338794 1.030099 
0.085421 72.140533 122.330170 1.029985 
0.084261 72.147572 122.333100 1.029996 
0.083452 72.144829 122.330359 1.029788 
0.082284 72.143574 122.335672 1.029837 
0.081524 72.141402 122.337462 1.029754 
0.080493 72.141180 122.338291 1.029619 
0.079643 72.139105 122.342595 1.029856 
0.078528 72.142005 122.343628 1.029848 
0.077756 72.141612 122.347326 1.029883 
0.076909 72.138749 122.351078 1.029910 
0.075960 72.133833 122.348395 1.029624 
0.075558 72.132878 122.351463 1.029479 
0.074314 72.129251 122.359881 1.029464 
0.073835 72.132896 122.370087 1.029838 
0.073102 72.128260 122.375236 1.029987 
0.072660 72.127234 122.375441 1.029905 
0.072564 72.132963 122.379996 1.029918 
0.072304 72.124844 122.383397 1.029799 
0.071791 72.124885 122.396950 1.029733 
0.071411 72.127208 122.401876 1.029875 
0.071412 72.122746 122.407589 1.029807 
0.071477 72.120370 122.412908 1.029515 
0.071404 72.124416 122.417201 1.029789 
0.071446 72.119147 122.421992 1.029575 
0.071602 72.116534 122.423754 1.029714 
0.071753 72.116345 122.435523 1.029727 
0.072179 72.119972 122.444828 1.029635 
0.072039 72.117266 122.452006 1.029643 
0.072654 72.113934 122.458466 1.029844 
0.073359 72.111003 122.459049 1.029566 
0.074145 72.120546 122.454181 1.029682 
0.074829 72.108488 122.467400 1.029645 
0.075752 72.107670 122.472387 1.029448 
0.076797 72.107013 122.479025 1.029744 
0.077731 72.109018 122.484278 1.029561 
0.078597 72.106674 122.491707 1.029564 
0.079822 72.110318 122.496859 1.029612 
0.081279 72.107644 122.503240 1.029568 
0.082200 72.106224 122.508684 1.029580 
0.083231 72.103874 122.520236 1.029769 
0.084510 72.103925 122.529185 1.029904 
0.085485 72.101131 122.531799 1.029998 
0.086720 72.102073 122.548963 1.029933 
0.087773 72.102985 122.548448 1.029874 
0.088753 72.095215 122.560177 1.029709 
0.089851 72.101889 122.572547 1.029702 
0.091126 72.094801 122.583757 1.029516 
0.092523 72.097755 122.585571 1.029708 
0.093176 72.094421 122.596584 1.029834 
0.094340 72.098707 122.597503 1.029759 
0.095334 72.093934 122.604398 1.029790 
0.096298 72.091915 122.613744 1.029763 
0.097029 72.092015 122.617642 1.029674 
0.097563 72.094166 122.626295 1.029818 
0.098323 72.094685 122.629382 1.029814 
0.098817 72.096109 122.639420 1.029901 
0.099168 72.091371 122.646644 1.029585 
0.099740 72.094347 122.657041 1.030031 
0.099823 72.089394 122.661599 1.029856 
0.100029 72.088152 122.663896 1.030012 
0.100154 72.088483 122.661473 1.029943 
0.100298 72.087527 122.679605 1.029643 
0.100006 72.083717 122.676391 1.029530 
0.099666 72.089762 122.687874 1.029449 
0.099610 72.084513 122.688675 1.029386 
0.099278 72.084163 122.710021 1.029788 
0.098646 72.089671 122.706222 1.029687 
0.098147 72.095935 122.724361 1.029592 
0.097413 72.085659 122.721943 1.029601 
0.096523 72.086068 122.732176 1.029687 
0.095534 72.088697 122.736031 1.029719 
0.094610 72.086545 122.740105 1.029967 
0.093710 72.093436 122.742600 1.029836 
0.092741 72.091262 122.753573 1.029946 
0.091595 72.092054 122.763960 1.029795 
0.090384 72.089243 122.778055 1.029858 
0.089441 72.097651 122.782990 1.029694 
0.087984 72.096048 122.780217 1.029540 
0.087014 72.089787 122.781846 1.029721 
0.085657 72.095644 122.799537 1.029893 
0.084526 72.093793 122.808577 1.029557 
0.083617 72.093954 122.805092 1.029629 
0.082642 72.099023 122.812204 1.029789 
0.081039 72.096859 122.818181 1.029698 
0.079948 72.092476 122.833229 1.029710 
0.078888 72.089945 122.836269 1.029688 
0.077978 72.092046 122.842543 1.029743 
0.076678 72.087402 122.851470 1.029860 
0.075989 72.088507 122.857708 1.029765 
0.074891 72.084522 122.865329 1.029899 
0.074041 72.083565 122.878383 1.029585 
0.073498 72.082032 122.881995 1.029645 
0.072759 72.084758 122.900659 1.029690 
0.071962 72.086701 122.899413 1.029772 
0.071182 72.081748 122.913889 1.029916 
0.070859 72.081408 122.919515 1.029970 
0.070683 72.078991 122.933514 1.029801 
0.070285 72.078542 122.936775 1.029735 
0.070163 72.077245 122.945447 1.029913 
0.070141 72.079051 122.953870 1.029714 
0.070194 72.082024 122.963821 1.029822 
0.070231 72.077582 122.978688 1.029755 
0.070236 72.079959 122.986823 1.029578 
