0.107790 77.921779 133.661880 1.031526 
0.145073 77.797567 148.394235 1.031525 
0.144871 77.801059 148.513422 1.031573 
0.145315 77.805926 148.634398 1.031478 
0.145246 77.797381 148.762049 1.031293 
0.145861 77.801518 148.879693 1.031533 
0.145894 77.794079 149.008446 1.031520 
0.146021 77.789459 149.135670 1.031482 
0.146189 77.793566 149.265760 1.031487 
0.146199 77.788092 149.378393 1.031561 
0.146531 77.786668 149.506007 1.031787 
0.146741 77.778221 149.637318 1.031519 
0.147083 77.780214 149.755527 1.031497 
0.147027 77.778312 149.885825 1.031672 
0.147322 77.781991 150.001610 1.031496 
0.147410 77.778216 150.125860 1.031239 
0.147923 77.779659 150.237190 1.031362 
0.147991 77.788689 150.353741 1.031374 
0.148136 77.782276 150.481735 1.031434 
0.148144 77.781392 150.599807 1.031337 
0.148555 77.786944 150.721256 1.031164 
0.148759 77.777802 150.833538 1.031233 
0.148858 77.773223 150.941895 1.031305 
0.148953 77.775645 151.049733 1.031239 
0.149427 77.777288 151.167866 1.031255 
0.149581 77.772815 151.278453 1.031470 
0.149707 77.778971 151.390212 1.031334 
0.149753 77.775446 151.511871 1.031262 
0.149943 77.771835 151.622522 1.031214 
0.150060 77.772536 151.727853 1.031363 
0.150172 77.778104 151.843529 1.031409 
0.150581 77.776414 151.958697 1.031500 
0.150401 77.772457 152.069871 1.031228 
0.150745 77.771715 152.182033 1.031340 
0.150635 77.770612 152.282250 1.031437 
0.150858 77.779491 152.393052 1.031218 
0.150928 77.772841 152.503137 1.031376 
0.151113 77.769083 152.600916 1.031324 
0.151239 77.775538 152.712633 1.031391 
0.151303 77.776804 152.818152 1.031193 
0.151433 77.773549 152.913905 1.031225 
0.151581 77.772601 153.013405 1.031211 
0.151725 77.771203 153.108275 1.031322 
0.151860 77.775441 153.211927 1.031276 
0.152129 77.778361 153.310890 1.031283 
0.151728 77.777277 153.414983 1.031343 
0.151880 77.779270 153.516809 1.031422 
0.151906 77.783091 153.618647 1.031538 
0.152218 77.786656 153.719932 1.031408 
0.152099 77.788064 153.815240 1.031266 
0.152261 77.787668 153.919559 1.031425 
0.152234 77.789619 154.011369 1.031272 
0.152277 77.786869 154.107283 1.031408 
0.152364 77.788761 154.201358 1.031314 
0.152461 77.783810 154.294678 1.031213 
0.152508 77.785574 154.385862 1.031346 
0.152543 77.788182 154.482582 1.031161 
0.152381 77.788757 154.570662 1.031356 
0.152832 77.781694 154.669832 1.031397 
0.152696 77.782538 154.759122 1.031367 
0.152722 77.773090 154.842830 1.031379 
0.152828 77.780460 154.944603 1.031432 
0.152971 77.779805 155.015727 1.031430 
0.153181 77.781241 155.122011 1.031322 
0.153178 77.785651 155.198730 1.031455 
0.153118 77.779502 155.285473 1.031226 
0.153267 77.777919 155.374642 1.031262 
0.153468 77.773360 155.463910 1.031541 
0.153460 77.772231 155.539685 1.031354 
0.153519 77.774313 155.617512 1.031360 
0.153634 77.766012 155.700428 1.031283 
0.153431 77.765837 155.780970 1.031473 
0.153461 77.760935 155.854419 1.031401 
0.153732 77.766260 155.942946 1.031325 
0.153668 77.745249 156.026602 1.031333 
0.153489 77.743645 156.102045 1.031315 
0.153787 77.741172 156.184137 1.031294 
0.153748 77.737782 156.258642 1.031553 
0.153771 77.741794 156.338727 1.031386 
0.153510 77.738402 156.411042 1.031217 
0.153885 77.736525 156.488333 1.031483 
0.154192 77.733779 156.563411 1.031251 
0.153843 77.736640 156.643659 1.031279 
0.154105 77.732234 156.725414 1.031395 
0.153991 77.736615 156.799879 1.031333 
0.154270 77.732391 156.885589 1.031126 
0.154207 77.727731 156.949718 1.031418 
0.154210 77.728582 157.028406 1.031474 
0.154134 77.735091 157.105920 1.031381 
0.154298 77.727984 157.183242 1.031340 
0.154305 77.729144 157.264758 1.031348 
0.154246 77.733255 157.335933 1.031317 
0.154523 77.732848 157.410968 1.031296 
0.154495 77.742198 157.492992 1.031268 
0.154591 77.734368 157.568808 1.031221 
0.154455 77.736232 157.634223 1.031230 
0.154672 77.738739 157.715149 1.031254 
0.154612 77.737037 157.786044 1.031110 
0.154870 77.738932 157.861990 1.031133 
0.154729 77.735541 157.940629 1.031123 
0.154757 77.738477 158.011227 1.031515 
0.154851 77.738333 158.086459 1.031347 
0.154856 77.743060 158.156906 1.031423 
0.154928 77.741134 158.243067 1.031181 
0.154879 77.738164 158.309117 1.031099 
0.155041 77.745679 158.376407 1.031397 
0.155139 77.746669 158.449940 1.031404 
0.155091 77.742262 158.521651 1.031458 
0.154993 77.738709 158.591668 1.031651 
0.155153 77.748592 158.663383 1.031438 
0.155322 77.750255 158.729240 1.031520 
0.155191 77.744909 158.792868 1.031296 
0.155183 77.745764 158.863609 1.031331 
0.155286 77.756194 158.928613 1.031372 
0.155335 77.751061 158.993244 1.031397 
0.155217 77.742618 159.063049 1.031465 
0.155282 77.743587 159.133533 1.031413 
0.155449 77.743515 159.192311 1.031326 
0.155447 77.735938 159.257997 1.031379 
0.155352 77.738763 159.323804 1.031294 
0.155437 77.739968 159.393437 1.031217 
0.155200 77.733776 159.451212 1.031314 
0.155196 77.737744 159.516167 1.031411 
0.155140 77.729881 159.587005 1.031174 
0.155312 77.725110 159.659512 1.031197 
0.155276 77.728608 159.715795 1.031424 
0.155344 77.723135 159.785712 1.031349 
0.155177 77.726221 159.844195 1.031351 
0.155263 77.718427 159.916767 1.031468 
0.155243 77.717299 159.980674 1.031477 
0.154880 77.710878 160.047173 1.031516 
0.154987 77.706765 160.113006 1.031431 
0.155210 77.710210 160.172810 1.031370 
0.155051 77.708061 160.237808 1.031414 
0.155077 77.704934 160.307875 1.031114 
0.155018 77.702885 160.366401 1.031266 
0.155233 77.705688 160.431437 1.031230 
0.155216 77.698364 160.494546 1.031166 
0.154921 77.695818 160.550534 1.031283 
0.154982 77.702164 160.617703 1.031265 
0.155095 77.698460 160.680919 1.031333 
0.155204 77.700742 160.732722 1.031437 
0.155075 77.704634 160.791203 1.031149 
0.155080 77.695725 160.855743 1.031220 
0.155223 77.700911 160.914193 1.031182 
0.154903 77.698274 160.971984 1.031506 
0.154968 77.695269 161.027753 1.031401 
0.155058 77.694320 161.081187 1.031338 
0.154959 77.693151 161.140567 1.031454 
0.155172 77.693610 161.188186 1.031535 
0.155008 77.688107 161.247161 1.031350 
0.154746 77.683832 161.297096 1.031302 
0.155055 77.688272 161.341013 1.031295 
0.154889 77.686591 161.398918 1.031393 
0.155081 77.674641 161.447394 1.031223 
0.154829 77.681879 161.495493 1.031244 
0.155049 77.669675 161.545418 1.031230 
0.154977 77.666867 161.588537 1.031330 
0.155193 77.669489 161.647556 1.031194 
0.155109 77.674988 161.694491 1.031311 
0.154952 77.670584 161.736078 1.031298 
0.154973 77.662299 161.784827 1.031311 
0.154758 77.662236 161.825337 1.031255 
0.154902 77.660469 161.860943 1.031408 
0.154810 77.660635 161.905856 1.031297 
0.155155 77.657446 161.947324 1.031328 
0.154971 77.653911 161.982590 1.031137 
0.155224 77.652247 162.021938 1.031073 
0.155052 77.660731 162.085299 1.031271 
0.155048 77.649797 162.113413 1.030981 
0.154965 77.646476 162.152157 1.031042 
0.155134 77.645342 162.179405 1.031073 
0.155071 77.643486 162.228212 1.031177 
0.155199 77.648190 162.268612 1.031391 
0.155173 77.648950 162.310260 1.031230 
0.154991 77.642861 162.346237 1.031479 
0.155272 77.644189 162.379515 1.031408 
0.155069 77.635347 162.409676 1.031328 
0.155130 77.640343 162.449542 1.031233 
0.155309 77.637436 162.484952 1.031242 
0.154940 77.635995 162.522694 1.031492 
0.155154 77.633414 162.552381 1.031255 
0.154906 77.632002 162.595022 1.031367 
0.155172 77.630122 162.630315 1.031491 
0.154973 77.627864 162.663940 1.031290 
0.155270 77.623236 162.705377 1.031211 
0.155405 77.622607 162.733089 1.031407 
0.155271 77.624135 162.774719 1.031212 
0.155089 77.617394 162.803102 1.031017 
0.155039 77.620711 162.838698 1.031279 
0.155164 77.614918 162.873728 1.031349 
0.155393 77.616594 162.902927 1.031206 
0.155259 77.608055 162.945707 1.031065 
0.155633 77.603354 162.984797 1.030987 
0.155303 77.610647 163.018787 1.031159 
0.155442 77.606745 163.048563 1.031232 
0.155414 77.606347 163.088169 1.031317 
0.155501 77.605149 163.128607 1.031444 
0.155402 77.610113 163.150074 1.031400 
0.155641 77.613176 163.190337 1.031323 
