0.155516 77.607959 163.221632 1.031363 
0.198910 77.667728 201.353153 1.031174 
0.199157 77.672610 201.396488 1.031116 
0.198905 77.673255 201.451325 1.031189 
0.199042 77.669213 201.488869 1.031231 
0.199085 77.672529 201.537309 1.031245 
0.199109 77.672793 201.584276 1.031183 
0.199446 77.669574 201.627049 1.031326 
0.199181 77.669305 201.672871 1.031249 
0.199437 77.664420 201.714557 1.031166 
0.199198 77.674402 201.766779 1.031404 
0.199346 77.669680 201.812786 1.031297 
0.199190 77.669273 201.858017 1.031395 
0.199687 77.672308 201.905220 1.031303 
0.199547 77.674275 201.958534 1.031320 
0.199571 77.676143 202.005072 1.031209 
0.199451 77.678009 202.049868 1.031292 
0.199500 77.670044 202.094647 1.031319 
0.199585 77.663262 202.138381 1.031300 
0.199234 77.659512 202.175236 1.031283 
0.199640 77.666228 202.221441 1.031315 
0.199571 77.659709 202.256943 1.031092 
0.199380 77.664578 202.304406 1.031092 
0.199396 77.657867 202.338965 1.031260 
0.199542 77.653822 202.385954 1.031315 
0.199544 77.653506 202.425905 1.031284 
0.199531 77.654454 202.465608 1.031220 
0.199460 77.657531 202.499137 1.031163 
0.199386 77.648263 202.543599 1.031402 
0.199184 77.650915 202.581133 1.031315 
0.199295 77.651011 202.622289 1.031205 
0.199410 77.644747 202.660656 1.031236 
0.199473 77.651583 202.696328 1.030968 
0.199572 77.645673 202.729872 1.031208 
0.199578 77.646559 202.777140 1.031236 
0.199422 77.639897 202.804298 1.031095 
0.199558 77.646798 202.840048 1.031255 
0.199836 77.638374 202.873501 1.031183 
0.199259 77.646067 202.918601 1.031265 
0.199365 77.639144 202.941409 1.031068 
0.199601 77.643093 202.982425 1.031096 
0.199579 77.642394 203.010954 1.031109 
0.199546 77.637505 203.045103 1.031234 
0.199681 77.647369 203.082648 1.031271 
0.199652 77.646601 203.115862 1.031071 
0.199644 77.648181 203.156653 1.031160 
0.199592 77.650246 203.186337 1.031208 
0.199690 77.639151 203.225148 1.031067 
0.199591 77.645622 203.261222 1.031229 
0.199618 77.642627 203.294785 1.031133 
0.199606 77.643141 203.328330 1.031122 
0.199742 77.647752 203.359720 1.031314 
0.199714 77.653173 203.395181 1.031175 
0.199715 77.644339 203.416922 1.031295 
0.199765 77.646773 203.458668 1.031315 
0.199752 77.646416 203.497739 1.031327 
0.199674 77.644798 203.531321 1.031429 
0.199544 77.645704 203.569783 1.031208 
0.199697 77.641278 203.607242 1.031307 
0.199658 77.636513 203.643189 1.031354 
0.199587 77.634646 203.669384 1.031324 
0.199399 77.632426 203.699880 1.031356 
0.199454 77.630883 203.741971 1.031349 
0.199409 77.639725 203.779887 1.031397 
0.199445 77.637775 203.818797 1.031258 
0.199479 77.636013 203.854373 1.031188 
0.199267 77.630112 203.891187 1.031189 
0.199475 77.634455 203.923966 1.031471 
0.199191 77.625259 203.952012 1.031405 
0.199185 77.637161 203.993569 1.031281 
0.199015 77.629122 204.032622 1.031234 
0.199322 77.633468 204.056923 1.031240 
0.199265 77.638304 204.091510 1.031146 
0.198933 77.632580 204.125644 1.031416 
0.198923 77.626233 204.150928 1.031433 
0.198976 77.632970 204.169383 1.031325 
0.198996 77.643002 204.216515 1.031298 
0.198952 77.654132 204.257154 1.031399 
0.199091 77.650317 204.285594 1.031283 
0.199178 77.662885 204.321482 1.031385 
0.199148 77.655071 204.351630 1.031322 
0.198983 77.658408 204.381392 1.031179 
0.198864 77.660051 204.406098 1.031394 
0.198842 77.664066 204.445649 1.031273 
0.199003 77.656738 204.473331 1.031162 
0.198849 77.654133 204.505713 1.031242 
0.199167 77.655865 204.541451 1.031211 
0.198798 77.654033 204.570207 1.031298 
0.199003 77.649740 204.591627 1.031365 
0.198941 77.655156 204.627894 1.031267 
0.198933 77.656293 204.656171 1.031316 
0.198940 77.662574 204.686468 1.031248 
0.199006 77.661081 204.723848 1.031289 
0.198959 77.659276 204.751507 1.031359 
0.198970 77.660788 204.790839 1.031314 
0.198853 77.656289 204.825544 1.031457 
0.199107 77.659957 204.853092 1.031287 
0.199221 77.663466 204.892292 1.031356 
0.198844 77.656672 204.925458 1.031232 
0.199136 77.648735 204.952522 1.031273 
0.198962 77.659776 204.982223 1.031349 
0.199277 77.639780 205.002045 1.031508 
0.198911 77.654735 205.049755 1.031319 
0.198961 77.649957 205.082347 1.031308 
0.198998 77.654653 205.115078 1.031185 
0.199099 77.656211 205.150792 1.031344 
0.198966 77.655458 205.179360 1.031249 
0.199198 77.656993 205.203954 1.031275 
0.198973 77.650165 205.233726 1.031194 
0.199248 77.655484 205.269675 1.031131 
0.199232 77.661385 205.303371 1.031149 
0.199172 77.652590 205.330256 1.031201 
0.199397 77.654648 205.357371 1.031257 
0.199451 77.652631 205.387339 1.030969 
0.199409 77.659867 205.419946 1.031066 
0.199526 77.653135 205.444081 1.031112 
0.199562 77.659525 205.468734 1.031238 
0.199680 77.653914 205.494038 1.031210 
0.199770 77.653448 205.524622 1.031353 
0.199770 77.652509 205.549039 1.031379 
0.199967 77.661930 205.570648 1.031185 
0.199716 77.663162 205.590448 1.031235 
0.200000 77.653347 205.611799 1.031132 
0.200069 77.660169 205.638856 1.031263 
0.199783 77.652928 205.662634 1.031161 
0.199888 77.660539 205.691370 1.031280 
0.200149 77.664708 205.719582 1.031166 
0.199900 77.673477 205.736230 1.031341 
0.199803 77.670039 205.764975 1.031150 
0.199961 77.661077 205.782030 1.031086 
0.200017 77.666267 205.818719 1.031236 
0.200243 77.677980 205.835292 1.031320 
0.200078 77.660624 205.849320 1.031316 
0.200091 77.672683 205.880545 1.031367 
0.200065 77.674671 205.903490 1.031207 
0.200285 77.678876 205.926915 1.031462 
0.199892 77.671951 205.942430 1.031313 
0.200152 77.676478 205.961136 1.031327 
0.200114 77.679435 205.988793 1.031297 
0.200290 77.682614 206.007460 1.031369 
0.200297 77.686972 206.029871 1.031172 
0.200200 77.682563 206.053486 1.031275 
0.200391 77.684225 206.071815 1.031202 
0.200274 77.682440 206.086927 1.031117 
0.200557 77.691755 206.119926 1.031235 
0.200147 77.683379 206.139448 1.031402 
0.200486 77.678765 206.167474 1.031412 
0.200570 77.682569 206.187196 1.031303 
0.200384 77.682217 206.208795 1.031281 
0.200405 77.684033 206.227458 1.031348 
0.200318 77.694949 206.262316 1.031296 
0.200479 77.686599 206.278855 1.031227 
0.200370 77.686194 206.307065 1.031259 
0.200567 77.688521 206.323730 1.031310 
0.200205 77.695377 206.358664 1.031303 
0.200372 77.687382 206.375117 1.031217 
0.200434 77.687135 206.404197 1.031329 
0.200344 77.689257 206.421305 1.031376 
0.200560 77.691028 206.447773 1.031482 
0.200475 77.687490 206.474896 1.031450 
0.200326 77.687808 206.499942 1.031343 
0.200346 77.690918 206.530441 1.031235 
0.200315 77.702912 206.549041 1.031151 
0.200333 77.698057 206.583763 1.031134 
0.200312 77.696342 206.605809 1.031209 
0.200351 77.692037 206.626554 1.031203 
0.200189 77.692884 206.660438 1.031184 
0.200183 77.693743 206.681629 1.031330 
0.200343 77.689746 206.708263 1.031136 
0.200178 77.698260 206.740063 1.031210 
0.200179 77.701161 206.755498 1.031119 
0.200359 77.697371 206.782201 1.031228 
0.200123 77.700182 206.812245 1.031186 
0.200379 77.698033 206.830354 1.031276 
0.200060 77.693991 206.858513 1.031483 
0.199935 77.698174 206.869586 1.031284 
0.200070 77.694218 206.894570 1.031215 
0.199955 77.691871 206.912714 1.031214 
0.199919 77.702153 206.933165 1.031392 
0.199875 77.700469 206.959569 1.031174 
0.199727 77.701748 206.976016 1.031134 
0.199722 77.707795 206.999920 1.031188 
0.199711 77.707533 207.023187 1.031173 
0.199796 77.695735 207.051668 1.031172 
0.199441 77.693333 207.067910 1.031300 
0.199289 77.693211 207.094484 1.031281 
0.199624 77.691369 207.115979 1.031407 
0.199601 77.700304 207.122860 1.031355 
0.199235 77.698906 207.149813 1.031323 
0.199195 77.692459 207.164408 1.031386 
0.199469 77.694961 207.186722 1.031426 
0.199111 77.689361 207.214034 1.031296 
0.199353 77.692233 207.228009 1.031220 
0.199068 77.690231 207.248954 1.031257 
0.199355 77.697494 207.270314 1.031330 
0.199086 77.698326 207.284769 1.031279 
0.199062 77.696568 207.316139 1.031086 
0.199410 77.696387 207.328433 1.031322 
0.199174 77.697981 207.350130 1.031090 
0.199458 77.690028 207.366712 1.031239 
