0.200737 78.255122 218.408258 1.031531 
0.112979 78.402641 160.344701 1.031416 
0.112452 78.406578 160.230626 1.031468 
0.112475 78.402133 160.125204 1.031456 
0.112579 78.406860 160.024472 1.031483 
0.112461 78.404932 159.908245 1.031423 
0.112285 78.407892 159.811535 1.031495 
0.112631 78.398748 159.712975 1.031291 
0.112272 78.402305 159.605479 1.031287 
0.112060 78.400793 159.495949 1.031616 
0.112189 78.399402 159.399373 1.031530 
0.112132 78.399841 159.289768 1.031622 
0.111927 78.393725 159.188021 1.031345 
0.111762 78.399689 159.089605 1.031488 
0.111990 78.401954 158.984662 1.031415 
0.111757 78.399940 158.877504 1.031418 
0.111864 78.396458 158.786662 1.031263 
0.111715 78.399479 158.684169 1.031288 
0.111588 78.390949 158.587094 1.031345 
0.111575 78.395334 158.479725 1.031410 
0.111567 78.384294 158.380022 1.031434 
0.111501 78.387704 158.281424 1.031526 
0.111532 78.385702 158.189250 1.031412 
0.111504 78.378664 158.085666 1.031401 
0.111597 78.383515 157.995564 1.031332 
0.111638 78.373964 157.896371 1.031528 
0.111491 78.382327 157.804334 1.031371 
0.111508 78.374970 157.708916 1.031300 
0.111239 78.373916 157.617022 1.031414 
0.111470 78.377675 157.518114 1.031589 
0.111372 78.378480 157.421788 1.031429 
0.111301 78.377113 157.322633 1.031506 
0.111403 78.374810 157.233212 1.031389 
0.111444 78.361851 157.144925 1.031434 
0.111248 78.368832 157.046079 1.031547 
0.111521 78.371454 156.957044 1.031623 
0.111563 78.369030 156.868570 1.031514 
0.111356 78.371170 156.773110 1.031348 
0.111355 78.373982 156.683354 1.031208 
0.111510 78.376116 156.595183 1.031405 
0.111238 78.375440 156.500106 1.031360 
0.111195 78.377787 156.410947 1.031337 
0.111143 78.379687 156.322757 1.031462 
0.111340 78.372846 156.233835 1.031407 
0.111280 78.373389 156.140482 1.031184 
0.111141 78.380110 156.047464 1.031211 
0.111353 78.382456 155.965032 1.031440 
0.111024 78.384077 155.889404 1.031506 
0.111234 78.388363 155.798516 1.031568 
0.111106 78.385517 155.717586 1.031676 
0.111152 78.390309 155.637466 1.031612 
0.111092 78.388336 155.551260 1.031660 
0.110954 78.394840 155.465560 1.031687 
0.110800 78.397806 155.389187 1.031478 
0.110880 78.391109 155.300546 1.031498 
0.110769 78.394649 155.221139 1.031530 
0.110658 78.389075 155.137057 1.031723 
0.110847 78.400369 155.059867 1.031443 
0.110992 78.402726 154.984104 1.031537 
0.110707 78.401205 154.901461 1.031594 
0.110732 78.408371 154.812072 1.031460 
0.110853 78.411626 154.742811 1.031558 
0.110861 78.411119 154.664300 1.031373 
0.110759 78.415191 154.574544 1.031610 
0.110684 78.419671 154.493515 1.031526 
0.110653 78.416166 154.417452 1.031546 
0.110647 78.417850 154.327237 1.031629 
0.110648 78.418825 154.247078 1.031681 
0.110767 78.416719 154.175765 1.031652 
0.110531 78.423984 154.094868 1.031548 
0.110618 78.421505 154.016476 1.031632 
0.110640 78.420500 153.939083 1.031480 
0.110586 78.417589 153.871419 1.031428 
0.110675 78.422103 153.796025 1.031388 
0.110640 78.426156 153.721619 1.031498 
0.110403 78.425333 153.651969 1.031282 
0.110568 78.425865 153.590403 1.031399 
0.110697 78.427454 153.511419 1.031457 
0.110697 78.427580 153.437779 1.031523 
0.110680 78.429704 153.370523 1.031510 
0.110710 78.423262 153.302358 1.031476 
0.110709 78.425586 153.224185 1.031436 
0.110614 78.428853 153.164842 1.031334 
0.110577 78.427693 153.097493 1.031388 
0.110792 78.421204 153.026210 1.031423 
0.110560 78.431409 152.959003 1.031401 
0.110761 78.432363 152.890561 1.031609 
0.110603 78.426096 152.822486 1.031650 
0.110746 78.432484 152.757921 1.031619 
0.110731 78.424190 152.683320 1.031723 
0.111051 78.427345 152.617220 1.031543 
0.110869 78.428984 152.554701 1.031307 
0.111130 78.432395 152.483977 1.031424 
0.111068 78.427934 152.424475 1.031369 
0.111233 78.425663 152.359967 1.031562 
0.111296 78.425002 152.288725 1.031469 
0.111584 78.417278 152.224931 1.031404 
0.111459 78.422073 152.166736 1.031422 
0.111643 78.421161 152.092673 1.031484 
0.111621 78.428567 152.024258 1.031420 
0.111665 78.420182 151.953024 1.031414 
0.111803 78.425684 151.897250 1.031619 
0.111782 78.424360 151.833730 1.031562 
0.111907 78.425800 151.765773 1.031300 
0.111997 78.427281 151.706267 1.031563 
0.112210 78.423661 151.636967 1.031485 
0.112298 78.425835 151.586957 1.031619 
0.112311 78.419793 151.524883 1.031591 
0.112449 78.419435 151.471123 1.031627 
0.112732 78.422543 151.413981 1.031540 
0.112921 78.423061 151.362589 1.031742 
0.112716 78.429410 151.311510 1.031540 
0.112739 78.423688 151.252378 1.031613 
0.112807 78.432011 151.204821 1.031439 
0.113056 78.435291 151.143935 1.031519 
0.113149 78.430230 151.089979 1.031456 
0.113190 78.431609 151.038890 1.031462 
0.113159 78.432844 150.989405 1.031378 
0.113188 78.431121 150.930821 1.031531 
0.113338 78.428931 150.883634 1.031552 
0.113396 78.432772 150.826449 1.031543 
0.113524 78.429804 150.774253 1.031686 
0.113303 78.438259 150.717882 1.031634 
0.113491 78.431743 150.668250 1.031657 
0.113906 78.434302 150.614133 1.031625 
0.113666 78.429228 150.561838 1.031522 
0.113520 78.425419 150.512485 1.031471 
0.113845 78.435213 150.450841 1.031448 
0.114146 78.427900 150.391610 1.031553 
0.113839 78.434946 150.340486 1.031570 
0.113760 78.426991 150.283821 1.031509 
0.114091 78.433219 150.228717 1.031591 
0.113787 78.433841 150.172871 1.031554 
0.114068 78.426656 150.116412 1.031566 
0.113817 78.436310 150.052701 1.031524 
0.114133 78.439152 150.003214 1.031607 
0.114083 78.439169 149.939914 1.031532 
0.114017 78.439056 149.879314 1.031538 
0.113956 78.442249 149.826733 1.031499 
0.113956 78.440968 149.769418 1.031473 
0.113983 78.436668 149.718121 1.031571 
0.113974 78.442875 149.657691 1.031603 
0.114054 78.435048 149.601433 1.031533 
0.114020 78.436361 149.551607 1.031676 
0.114252 78.430572 149.489829 1.031524 
0.113993 78.430845 149.436888 1.031530 
0.114230 78.432765 149.375364 1.031619 
0.113946 78.433614 149.331599 1.031707 
0.114239 78.434871 149.263232 1.031610 
0.114131 78.430251 149.211632 1.031741 
0.114021 78.428276 149.161760 1.031568 
0.114311 78.428689 149.112568 1.031391 
0.114332 78.429842 149.045126 1.031310 
0.114080 78.430062 149.000644 1.031501 
0.114226 78.423848 148.950137 1.031258 
0.114257 78.425878 148.893237 1.031501 
0.113974 78.415238 148.844247 1.031445 
0.114177 78.418010 148.786962 1.031358 
0.114142 78.410268 148.737429 1.031396 
0.114027 78.408824 148.686251 1.031537 
0.114138 78.407794 148.632137 1.031451 
0.114033 78.405816 148.581228 1.031504 
0.113856 78.404074 148.528792 1.031399 
0.114066 78.406625 148.483161 1.031309 
0.113772 78.401254 148.429781 1.031474 
0.114070 78.393610 148.379623 1.031625 
0.113769 78.391079 148.331938 1.031593 
0.113956 78.395736 148.281042 1.031549 
0.113982 78.391709 148.229037 1.031749 
0.113803 78.390706 148.181609 1.031496 
0.113666 78.389183 148.139100 1.031547 
0.113911 78.387479 148.093533 1.031413 
0.113912 78.388770 148.052519 1.031386 
0.113839 78.395835 148.001569 1.031643 
0.113852 78.384436 147.954579 1.031572 
0.113789 78.393239 147.910625 1.031605 
0.113794 78.395500 147.867680 1.031618 
0.113673 78.393328 147.823368 1.031344 
0.113727 78.395749 147.775826 1.031546 
0.113588 78.392677 147.729039 1.031631 
0.113542 78.400654 147.679322 1.031607 
0.113179 78.400729 147.630548 1.031673 
0.113551 78.393451 147.589656 1.031786 
0.113152 78.399239 147.541301 1.031538 
0.113552 78.396550 147.496883 1.031591 
0.113500 78.398840 147.450551 1.031620 
0.113242 78.397534 147.402661 1.031517 
0.113233 78.398745 147.351226 1.031582 
0.113321 78.401258 147.302618 1.031644 
0.113094 78.409422 147.254486 1.031516 
0.113335 78.403993 147.205229 1.031357 
0.113178 78.409827 147.163177 1.031385 
0.113335 78.402955 147.109187 1.031433 
0.113194 78.399718 147.061490 1.031364 
0.113146 78.401990 147.012807 1.031454 
0.113194 78.396396 146.963658 1.031815 
0.113347 78.395867 146.919818 1.031521 
0.112953 78.399532 146.866057 1.031565 
0.113218 78.400908 146.820492 1.031514 
0.113010 78.408679 146.777311 1.031533 
