0.199109 77.889782 210.215608 1.031295 
0.111158 78.003760 136.697338 1.031484 
0.111212 77.999900 136.675562 1.031466 
0.111374 78.002617 136.660085 1.031683 
0.111554 78.002890 136.639142 1.031593 
0.111161 78.005232 136.619605 1.031466 
0.111518 78.000169 136.596318 1.031489 
0.111434 77.997568 136.575526 1.031591 
0.111356 78.011749 136.550535 1.031692 
0.111463 78.005887 136.534572 1.031516 
0.111613 78.009014 136.518319 1.031353 
0.111468 78.008016 136.497896 1.031270 
0.111615 78.011754 136.483576 1.031332 
0.111735 78.014175 136.465789 1.031333 
0.111557 78.012680 136.450430 1.031599 
0.111747 78.015499 136.418953 1.031421 
0.111649 78.017694 136.408799 1.031368 
0.111697 78.011932 136.392438 1.031587 
0.111764 78.012633 136.376722 1.031564 
0.112100 78.022490 136.361486 1.031458 
0.111865 78.014239 136.339497 1.031464 
0.111885 78.014509 136.321616 1.031518 
0.111960 78.018017 136.303748 1.031392 
0.111872 78.017117 136.279883 1.031568 
0.111904 78.019120 136.264326 1.031350 
0.111854 78.018373 136.249703 1.031437 
0.111973 78.020017 136.237347 1.031610 
0.112013 78.024200 136.211334 1.031478 
0.111956 78.026672 136.192411 1.031519 
0.111885 78.026692 136.175555 1.031590 
0.111972 78.023129 136.154452 1.031477 
0.111893 78.023647 136.131680 1.031581 
0.111934 78.024272 136.119401 1.031281 
0.111754 78.017126 136.099104 1.031619 
0.111746 78.012373 136.082743 1.031632 
0.111634 78.021116 136.064172 1.031477 
0.111934 78.011862 136.045347 1.031317 
0.111681 78.010772 136.034401 1.031570 
0.111733 78.014745 136.014892 1.031530 
0.111688 78.012158 135.998728 1.031507 
0.111729 78.008155 135.977148 1.031441 
0.111871 78.011859 135.967587 1.031402 
0.112000 78.009567 135.948139 1.031506 
0.111701 78.008646 135.923492 1.031718 
0.111711 78.000742 135.897771 1.031570 
0.111530 77.998233 135.893773 1.031481 
0.112008 78.005768 135.872685 1.031502 
0.111772 78.005468 135.856979 1.031384 
0.111595 78.006151 135.840293 1.031410 
0.111931 77.996359 135.828484 1.031476 
0.111806 77.992439 135.806861 1.031563 
0.111823 77.992997 135.786744 1.031589 
0.111666 77.988400 135.768889 1.031737 
0.111851 77.982417 135.747348 1.031576 
0.111497 77.985058 135.734981 1.031615 
0.111734 77.980640 135.709988 1.031476 
0.111491 77.980581 135.698728 1.031363 
0.111358 77.978478 135.673429 1.031381 
0.111536 77.981232 135.663215 1.031558 
0.111252 77.973249 135.646673 1.031646 
0.111214 77.969257 135.628734 1.031522 
0.111180 77.965176 135.608997 1.031417 
0.111241 77.954264 135.590020 1.031424 
0.111191 77.957962 135.585452 1.031562 
0.110929 77.961205 135.567591 1.031419 
0.111183 77.964407 135.553535 1.031262 
0.110933 77.960279 135.540321 1.031548 
0.111092 77.961225 135.529464 1.031421 
0.111023 77.959819 135.505089 1.031449 
0.110635 77.952120 135.497227 1.031370 
0.110983 77.956282 135.478712 1.031497 
0.110837 77.959636 135.467105 1.031464 
0.110739 77.959428 135.446403 1.031344 
0.110789 77.962799 135.436627 1.031238 
0.110408 77.956176 135.422081 1.031349 
0.110590 77.957103 135.393901 1.031316 
0.110695 77.957331 135.387415 1.031248 
0.110364 77.956383 135.366037 1.031303 
0.110340 77.956447 135.354497 1.031435 
0.110752 77.952817 135.342907 1.031465 
0.110415 77.955526 135.325996 1.031166 
0.110348 77.953704 135.314385 1.031356 
0.110395 77.952661 135.297551 1.031459 
0.110421 77.955542 135.281109 1.031393 
0.110461 77.941835 135.265182 1.031278 
0.110425 77.945901 135.254091 1.031437 
0.110263 77.945778 135.234597 1.031435 
0.110423 77.949416 135.215824 1.031334 
0.110488 77.939360 135.192649 1.031614 
0.110485 77.942558 135.182472 1.031422 
0.110458 77.940555 135.164524 1.031592 
0.110310 77.934274 135.138925 1.031532 
0.110562 77.941867 135.124624 1.031434 
0.110420 77.945013 135.115784 1.031539 
0.110316 77.943656 135.097712 1.031363 
0.110231 77.934032 135.086286 1.031356 
0.110437 77.938054 135.064222 1.031252 
0.110261 77.940209 135.054106 1.031443 
0.110427 77.932653 135.043066 1.031248 
0.110305 77.937992 135.023641 1.031507 
0.110319 77.931465 135.011757 1.031601 
0.110350 77.937189 134.998727 1.031644 
0.110072 77.931973 134.992263 1.031578 
0.110119 77.927876 134.992833 1.031485 
0.110232 77.923476 134.978956 1.031543 
0.110309 77.925595 134.967923 1.031467 
0.110132 77.926200 134.969151 1.031630 
0.110012 77.922387 134.950044 1.031429 
0.110123 77.920581 134.955124 1.031129 
0.110229 77.926976 134.938316 1.031519 
0.110108 77.919913 134.931433 1.031387 
0.110252 77.922608 134.919164 1.031387 
0.110283 77.922956 134.911150 1.031312 
0.109882 77.918128 134.897738 1.031404 
0.110212 77.916412 134.883749 1.031410 
0.109920 77.918621 134.876103 1.031361 
0.109897 77.912762 134.861526 1.031211 
0.109976 77.911602 134.854129 1.031458 
0.109686 77.905878 134.832546 1.031697 
0.109651 77.907699 134.825974 1.031520 
0.109440 77.912547 134.805701 1.031524 
0.109563 77.911642 134.794973 1.031401 
0.109396 77.907145 134.784177 1.031505 
0.109352 77.902565 134.764498 1.031512 
0.109351 77.905836 134.749735 1.031407 
0.109454 77.902007 134.727259 1.031339 
0.109200 77.916243 134.729066 1.031143 
0.109415 77.908090 134.709106 1.031295 
0.109231 77.910006 134.695722 1.031374 
0.109158 77.913128 134.679945 1.031297 
0.109384 77.913985 134.664386 1.031289 
0.109316 77.907255 134.647440 1.031242 
0.109157 77.912142 134.635822 1.031336 
0.109122 77.915282 134.615422 1.031461 
0.109141 77.909525 134.598688 1.031446 
0.109050 77.911582 134.580965 1.031278 
0.109071 77.908420 134.571473 1.031350 
0.108999 77.906112 134.565338 1.031473 
0.109074 77.914934 134.538802 1.031553 
0.108889 77.909977 134.520274 1.031464 
0.108786 77.907297 134.506074 1.031648 
0.108803 77.911050 134.497568 1.031447 
0.108856 77.913427 134.475283 1.031436 
0.108837 77.912485 134.462675 1.031663 
0.108774 77.906207 134.455346 1.031596 
0.108684 77.904512 134.435194 1.031669 
0.108658 77.907312 134.417111 1.031522 
0.108480 77.904302 134.408350 1.031469 
0.108495 77.901091 134.385493 1.031379 
0.108454 77.904658 134.362733 1.031506 
0.108405 77.910563 134.352312 1.031508 
0.108283 77.912951 134.338337 1.031622 
0.108042 77.907254 134.320477 1.031700 
0.108552 77.916924 134.288068 1.031557 
0.108124 77.911888 134.291856 1.031357 
0.108029 77.901374 134.265996 1.031630 
0.107830 77.912006 134.243917 1.031445 
0.107996 77.917283 134.232251 1.031396 
0.107649 77.907292 134.225594 1.031521 
0.107810 77.905922 134.207428 1.031393 
0.107941 77.917437 134.196980 1.031532 
0.107761 77.915264 134.181770 1.031605 
0.108004 77.912838 134.167512 1.031256 
0.107588 77.912469 134.149036 1.031402 
0.107913 77.922455 134.131183 1.031377 
0.107759 77.922928 134.119266 1.031300 
0.107469 77.924514 134.108598 1.031362 
0.107630 77.930580 134.096851 1.031267 
0.107749 77.933396 134.079732 1.031293 
0.107977 77.929748 134.063874 1.031272 
0.107777 77.928093 134.038532 1.031351 
0.107356 77.933718 134.029811 1.031433 
0.107544 77.933045 134.016195 1.031438 
0.107711 77.931611 134.002401 1.031448 
0.107344 77.932776 133.983993 1.031297 
0.107416 77.926565 133.978918 1.031354 
0.107314 77.938338 133.961236 1.031407 
0.107602 77.924053 133.947225 1.031160 
0.107345 77.928421 133.931147 1.031314 
0.107226 77.930629 133.919461 1.031457 
0.107467 77.936375 133.901784 1.031253 
0.107364 77.931049 133.895584 1.031491 
0.107342 77.916999 133.876374 1.031465 
0.107410 77.931331 133.872812 1.031699 
0.107331 77.921156 133.852226 1.031523 
0.107391 77.923520 133.846957 1.031388 
0.107380 77.926212 133.825854 1.031335 
0.107630 77.923201 133.824346 1.031424 
0.107397 77.913060 133.800716 1.031266 
0.107496 77.912131 133.796666 1.031464 
0.107343 77.914109 133.783781 1.031396 
0.107508 77.915323 133.777425 1.031500 
0.107512 77.904724 133.767943 1.031688 
0.107480 77.912005 133.754569 1.031639 
0.107741 77.907119 133.741797 1.031669 
0.107742 77.913556 133.728729 1.031688 
0.107640 77.912283 133.713916 1.031861 
0.107687 77.912536 133.702403 1.031578 
0.107745 77.914298 133.680991 1.031423 
0.107837 77.918821 133.675017 1.031399 
