0.109256 78.731919 145.666815 1.031421 
0.156883 78.460587 171.833179 1.031336 
0.157261 78.457570 171.891609 1.031097 
0.157126 78.461631 171.942159 1.031359 
0.157004 78.463518 172.001585 1.031153 
0.157168 78.462307 172.045480 1.031330 
0.156985 78.466349 172.102516 1.031196 
0.156967 78.457184 172.152796 1.031138 
0.157073 78.463032 172.196905 1.031234 
0.156967 78.464799 172.245352 1.031339 
0.156922 78.468752 172.293204 1.031272 
0.156870 78.458662 172.337769 1.031210 
0.156887 78.466130 172.383033 1.031185 
0.156627 78.461763 172.423021 1.031323 
0.156832 78.462858 172.468603 1.031200 
0.156616 78.461508 172.515574 1.031253 
0.156657 78.456065 172.555893 1.031046 
0.156434 78.457635 172.603739 1.031223 
0.156410 78.459117 172.644402 1.031203 
0.156654 78.461851 172.686989 1.031103 
0.156323 78.463068 172.720665 1.031274 
0.156319 78.463038 172.764514 1.031130 
0.156289 78.461434 172.815100 1.031073 
0.156381 78.461853 172.858942 1.031339 
0.156457 78.459573 172.896777 1.031207 
0.156411 78.462434 172.938425 1.031336 
0.156082 78.458947 172.988796 1.031476 
0.156297 78.464851 173.030417 1.031345 
0.156356 78.459221 173.063699 1.031260 
0.156059 78.453522 173.110343 1.031547 
0.156135 78.455138 173.157626 1.031305 
0.156347 78.448710 173.195567 1.031275 
0.156025 78.447413 173.238280 1.031371 
0.156147 78.448537 173.281641 1.031187 
0.156139 78.446300 173.324440 1.031324 
0.156035 78.447322 173.365761 1.031344 
0.156149 78.443014 173.399765 1.031347 
0.155998 78.448760 173.451660 1.031075 
0.156037 78.443586 173.490299 1.031411 
0.156083 78.450975 173.525939 1.031475 
0.156042 78.451253 173.560008 1.031338 
0.156127 78.453658 173.597517 1.031375 
0.156041 78.448624 173.633491 1.031324 
0.155944 78.452959 173.677305 1.031363 
0.156033 78.447480 173.710467 1.031373 
0.155939 78.450441 173.751809 1.031334 
0.155922 78.449139 173.796630 1.031209 
0.156055 78.452588 173.829015 1.031284 
0.155917 78.458587 173.863820 1.031321 
0.156091 78.462181 173.911985 1.031235 
0.155953 78.456973 173.949512 1.031182 
0.156085 78.461434 173.982030 1.031184 
0.156017 78.455083 174.020869 1.031117 
0.156034 78.457362 174.057542 1.031501 
0.156164 78.459672 174.105290 1.031248 
0.155770 78.458171 174.138775 1.031430 
0.156124 78.458883 174.171622 1.031383 
0.156174 78.459010 174.209174 1.031202 
0.156110 78.455723 174.244218 1.031396 
0.156276 78.457505 174.283410 1.031458 
0.156397 78.454530 174.328643 1.031051 
0.156153 78.452395 174.368043 1.031350 
0.156304 78.446974 174.388265 1.031419 
0.156292 78.444859 174.431510 1.031374 
0.156355 78.449110 174.470392 1.031412 
0.156329 78.444017 174.510351 1.031177 
0.156626 78.438876 174.543503 1.031445 
0.156473 78.438981 174.573716 1.031390 
0.156617 78.438278 174.612683 1.031239 
0.156771 78.432372 174.646370 1.031395 
0.156740 78.432748 174.676326 1.031265 
0.156742 78.431565 174.711795 1.031430 
0.156815 78.434838 174.737753 1.031218 
0.156960 78.436568 174.777133 1.031331 
0.156767 78.428629 174.800979 1.031357 
0.156914 78.433948 174.840223 1.031412 
0.156779 78.426250 174.871537 1.031391 
0.156854 78.432103 174.902678 1.031404 
0.157132 78.438122 174.919010 1.031532 
0.157132 78.427913 174.955826 1.031564 
0.157186 78.433635 174.986619 1.031524 
0.157045 78.434003 175.014763 1.031594 
0.157333 78.432870 175.044482 1.031531 
0.157220 78.438642 175.064515 1.031318 
0.157344 78.430285 175.102573 1.031287 
0.157273 78.437538 175.129055 1.031439 
0.157357 78.436843 175.159514 1.031447 
0.157413 78.438098 175.184874 1.031524 
0.157380 78.433796 175.213435 1.031330 
0.157319 78.430442 175.250364 1.031282 
0.157300 78.438292 175.271835 1.031301 
0.157166 78.440672 175.303027 1.031270 
0.157419 78.446041 175.333742 1.031278 
0.157345 78.442109 175.367502 1.031368 
0.157487 78.437003 175.393634 1.031213 
0.157374 78.442031 175.421344 1.031256 
0.157322 78.437886 175.451586 1.031310 
0.157382 78.429972 175.483951 1.031319 
0.157227 78.436331 175.509605 1.031311 
0.157586 78.430049 175.538724 1.031372 
0.157120 78.427292 175.577390 1.031304 
0.157252 78.432563 175.600598 1.031325 
0.157309 78.428050 175.627553 1.031224 
0.157237 78.430311 175.655518 1.031400 
0.157154 78.425990 175.678180 1.031305 
0.157147 78.422829 175.714823 1.031311 
0.156934 78.419480 175.744477 1.031156 
0.157150 78.423888 175.762064 1.031256 
0.156801 78.419731 175.791050 1.031169 
0.156831 78.418598 175.818435 1.031233 
0.156819 78.410046 175.841778 1.031301 
0.156695 78.417215 175.868822 1.031318 
0.156391 78.419209 175.889911 1.031257 
0.156582 78.416058 175.907128 1.031305 
0.156508 78.410529 175.931675 1.031364 
0.156455 78.410312 175.957020 1.031127 
0.156431 78.408541 175.980331 1.031365 
0.156396 78.408113 176.002868 1.031334 
0.156317 78.411428 176.021086 1.031239 
0.156069 78.407137 176.039135 1.031208 
0.156204 78.406255 176.064901 1.031476 
0.156148 78.397611 176.089252 1.031350 
0.156204 78.408585 176.112488 1.031401 
0.156323 78.398384 176.136976 1.031579 
0.156042 78.397941 176.150259 1.031341 
0.155994 78.396443 176.177167 1.031350 
0.156322 78.406545 176.199569 1.031415 
0.156013 78.401445 176.221638 1.031278 
0.156339 78.405482 176.255511 1.031386 
0.156052 78.402835 176.271180 1.031328 
0.156292 78.399944 176.295200 1.031284 
0.156419 78.402402 176.320398 1.031483 
0.156273 78.402590 176.342717 1.031350 
0.156323 78.401682 176.362280 1.031482 
0.156481 78.406779 176.378390 1.031345 
0.156577 78.399760 176.404158 1.031269 
0.156545 78.405464 176.425045 1.031484 
0.156474 78.401448 176.446809 1.031442 
0.156664 78.408285 176.465982 1.031280 
0.156796 78.404153 176.502123 1.031362 
0.156651 78.405010 176.510507 1.031470 
0.156734 78.404271 176.531003 1.031373 
0.156917 78.408656 176.558181 1.031318 
0.157273 78.402667 176.570869 1.031348 
0.156912 78.413430 176.596314 1.031449 
0.156981 78.414077 176.619819 1.031388 
0.157038 78.413117 176.641836 1.031404 
0.156959 78.419937 176.663920 1.031369 
0.157110 78.423010 176.684415 1.031368 
0.157090 78.421439 176.708686 1.031396 
0.157165 78.424376 176.728210 1.031449 
0.157135 78.422076 176.749431 1.031402 
0.157012 78.431506 176.766123 1.031480 
0.157203 78.429653 176.788682 1.031358 
0.157192 78.432050 176.806050 1.031332 
0.157070 78.435173 176.828515 1.031300 
0.157144 78.438598 176.854169 1.031004 
0.157130 78.435832 176.871593 1.031059 
0.157145 78.441270 176.894643 1.031265 
0.156922 78.442128 176.911726 1.030956 
0.157089 78.441070 176.930346 1.031147 
0.157157 78.450988 176.953524 1.031326 
0.157040 78.450159 176.966087 1.031218 
0.157311 78.445820 176.982748 1.031361 
0.157096 78.444905 177.005979 1.031343 
0.157046 78.454013 177.030426 1.031122 
0.156974 78.461680 177.050844 1.031196 
0.156959 78.460690 177.077525 1.031172 
0.156904 78.457586 177.095233 1.031107 
0.157081 78.463986 177.117815 1.031308 
0.156941 78.462404 177.133396 1.031058 
0.156857 78.466888 177.169172 1.031224 
0.156639 78.451393 177.179194 1.031156 
0.156926 78.459493 177.204291 1.031257 
0.156801 78.459758 177.235453 1.031157 
0.156608 78.458721 177.252001 1.031280 
0.156440 78.461125 177.277436 1.031250 
0.156719 78.441716 177.286600 1.031450 
0.156455 78.453574 177.319197 1.031374 
0.156600 78.459466 177.345735 1.031342 
0.156442 78.458256 177.358771 1.031479 
0.156411 78.458438 177.386481 1.031334 
0.156392 78.455466 177.401996 1.031394 
0.156564 78.454867 177.427597 1.031435 
0.156331 78.448195 177.446089 1.031258 
0.156345 78.447257 177.472225 1.031367 
0.156323 78.450910 177.484691 1.031159 
0.156247 78.444115 177.507670 1.031195 
0.156304 78.444024 177.528628 1.031401 
0.156314 78.442376 177.537128 1.031435 
0.156135 78.433459 177.553770 1.031384 
0.156324 78.438742 177.571037 1.031448 
0.156086 78.428554 177.592451 1.031241 
0.155993 78.428601 177.602364 1.031377 
0.156007 78.430386 177.627502 1.031126 
0.155960 78.424340 177.637925 1.031325 
0.155647 78.422157 177.653775 1.031221 
0.155897 78.426551 177.674624 1.031388 
0.155674 78.421330 177.691678 1.031401 
0.155931 78.424425 177.708304 1.031296 
