0.154125 78.016024 174.694293 1.031575 
0.199580 77.926481 201.346673 1.031401 
0.199719 77.935545 201.412169 1.031542 
0.199658 77.930729 201.480668 1.031449 
0.199922 77.935527 201.549157 1.031482 
0.199919 77.935697 201.611064 1.031342 
0.199956 77.934151 201.677118 1.031361 
0.199934 77.946176 201.750264 1.031621 
0.200277 77.943791 201.806884 1.031592 
0.200404 77.949004 201.875674 1.031550 
0.200541 77.949093 201.940641 1.031363 
0.200418 77.959729 201.992795 1.031663 
0.200576 77.953841 202.066060 1.031541 
0.200466 77.946648 202.132891 1.031422 
0.200484 77.952766 202.187311 1.031602 
0.200587 77.958427 202.256941 1.031528 
0.200759 77.953800 202.320913 1.031540 
0.200796 77.951092 202.380535 1.031517 
0.200658 77.952105 202.440391 1.031469 
0.200947 77.954034 202.497608 1.031352 
0.200714 77.949935 202.565806 1.031299 
0.200943 77.949848 202.624238 1.031391 
0.200747 77.954047 202.677959 1.031247 
0.200870 77.947007 202.749268 1.031469 
0.200778 77.954357 202.807354 1.031284 
0.200816 77.946017 202.868357 1.031297 
0.200762 77.943750 202.936296 1.031247 
0.200996 77.943988 202.998971 1.031348 
0.200807 77.952207 203.056000 1.031198 
0.200607 77.948363 203.117820 1.031278 
0.200986 77.947503 203.187200 1.031269 
0.200603 77.946157 203.249399 1.031253 
0.200829 77.953600 203.314066 1.031451 
0.200786 77.946207 203.373590 1.031477 
0.200694 77.941913 203.439750 1.031586 
0.200643 77.937885 203.502750 1.031509 
0.200693 77.947587 203.564049 1.031629 
0.200829 77.947035 203.634613 1.031580 
0.200810 77.942671 203.686983 1.031565 
0.200837 77.948272 203.750104 1.031450 
0.200683 77.944257 203.807818 1.031556 
0.200687 77.943973 203.866710 1.031297 
0.200940 77.941154 203.928767 1.031548 
0.200689 77.935270 203.985454 1.031543 
0.200745 77.942907 204.047455 1.031462 
0.200748 77.944751 204.102677 1.031444 
0.200496 77.945676 204.159564 1.031382 
0.200827 77.937953 204.223760 1.031517 
0.200729 77.935674 204.277074 1.031478 
0.200878 77.925703 204.335693 1.031356 
0.200909 77.926643 204.388894 1.031371 
0.200776 77.926913 204.443801 1.031462 
0.200803 77.927657 204.505264 1.031598 
0.200898 77.931849 204.559999 1.031296 
0.200909 77.930907 204.612061 1.031359 
0.200821 77.923955 204.666910 1.031385 
0.200764 77.920724 204.720984 1.031390 
0.200751 77.921228 204.774679 1.031492 
0.201041 77.924158 204.832035 1.031588 
0.201093 77.928660 204.890007 1.031504 
0.200650 77.917286 204.947207 1.031448 
0.201019 77.911148 205.006533 1.031405 
0.201135 77.912511 205.060001 1.031452 
0.200825 77.918847 205.113392 1.031480 
0.200803 77.914467 205.160793 1.031396 
0.200724 77.916558 205.211612 1.031496 
0.200921 77.907651 205.261385 1.031195 
0.200640 77.918233 205.313212 1.031445 
0.200634 77.914590 205.358246 1.031326 
0.200877 77.912115 205.406579 1.031477 
0.200831 77.912377 205.453033 1.031427 
0.200674 77.905780 205.495017 1.031370 
0.200725 77.915368 205.539452 1.031388 
0.200579 77.919019 205.590133 1.031177 
0.200539 77.911957 205.639019 1.031327 
0.200767 77.908171 205.690018 1.031280 
0.200521 77.913721 205.739946 1.031457 
0.200626 77.911904 205.784210 1.031386 
0.200655 77.911899 205.833264 1.031346 
0.200715 77.906718 205.867098 1.031286 
0.200977 77.908458 205.922869 1.031287 
0.200767 77.908904 205.970919 1.031165 
0.200845 77.905196 206.016843 1.031196 
0.200931 77.906506 206.064097 1.031192 
0.200838 77.908891 206.100453 1.031295 
0.200855 77.909927 206.140708 1.031314 
0.200601 77.900202 206.184642 1.031319 
0.200899 77.907868 206.230070 1.031458 
0.200663 77.907320 206.269415 1.031246 
0.200785 77.908189 206.312197 1.031356 
0.201173 77.910784 206.352632 1.031443 
0.200826 77.907024 206.400467 1.031452 
0.200896 77.914520 206.441197 1.031409 
0.200820 77.912330 206.490149 1.031494 
0.200816 77.909269 206.536782 1.031699 
0.200751 77.911464 206.582989 1.031294 
0.200841 77.916110 206.627703 1.031370 
0.200868 77.908125 206.675000 1.031356 
0.200677 77.919841 206.717134 1.031358 
0.200688 77.902837 206.759530 1.031318 
0.200626 77.906093 206.803507 1.031346 
0.200646 77.900306 206.857016 1.031332 
0.200765 77.904994 206.887503 1.031701 
0.200430 77.903500 206.935023 1.031334 
0.201012 77.903616 206.976284 1.031452 
0.200740 77.898487 207.019562 1.031288 
0.200679 77.908568 207.058806 1.031334 
0.200874 77.900400 207.094920 1.031574 
0.200528 77.902863 207.147645 1.031395 
0.200693 77.908061 207.179037 1.031412 
0.200922 77.899030 207.224924 1.031521 
0.200615 77.904502 207.261883 1.031403 
0.200704 77.904359 207.304531 1.031355 
0.200729 77.907403 207.339118 1.031355 
0.201043 77.905987 207.382601 1.031568 
0.200582 77.896692 207.422655 1.031387 
0.200925 77.896019 207.456995 1.031474 
0.200737 77.904730 207.500670 1.031629 
0.200836 77.909829 207.529486 1.031483 
0.201095 77.906607 207.573002 1.031318 
0.201173 77.908581 207.612278 1.031525 
0.200888 77.905689 207.642565 1.031531 
0.200795 77.901524 207.678952 1.031348 
0.201028 77.891178 207.712513 1.031440 
0.200863 77.896244 207.742638 1.031496 
0.201031 77.894633 207.771069 1.031383 
0.201118 77.890556 207.811371 1.031279 
0.201337 77.888918 207.846412 1.031372 
0.201060 77.882079 207.880387 1.031384 
0.201255 77.878845 207.918216 1.031267 
0.200951 77.879643 207.950119 1.031170 
0.201076 77.874643 207.982853 1.031150 
0.201100 77.879679 208.015570 1.031260 
0.201194 77.886784 208.050086 1.031221 
0.201022 77.881268 208.086728 1.031291 
0.201117 77.881878 208.121295 1.031200 
0.201126 77.893273 208.152772 1.031228 
0.200949 77.886647 208.185617 1.031240 
0.201174 77.884441 208.220271 1.031208 
0.201194 77.878839 208.248944 1.031237 
0.201290 77.880912 208.283280 1.031387 
0.201150 77.873034 208.320300 1.031455 
0.201291 77.881172 208.351803 1.031423 
0.201052 77.883232 208.386280 1.031522 
0.201210 77.883440 208.417454 1.031422 
0.201144 77.880986 208.447154 1.031427 
0.201164 77.882272 208.476703 1.031368 
0.201233 77.885133 208.522065 1.031349 
0.201181 77.880866 208.545547 1.031483 
0.201104 77.885509 208.596491 1.031271 
0.201074 77.876466 208.615880 1.031130 
0.201137 77.888498 208.656501 1.031401 
0.201345 77.881732 208.677189 1.031358 
0.201065 77.879396 208.716204 1.031414 
0.201195 77.876441 208.751905 1.031300 
0.201308 77.872485 208.784206 1.031251 
0.201022 77.870369 208.814835 1.031415 
0.200864 77.872294 208.858615 1.031462 
0.201032 77.862815 208.890455 1.031274 
0.200936 77.868201 208.922189 1.031451 
0.200978 77.864167 208.954974 1.031494 
0.200999 77.875248 208.983841 1.031372 
0.200954 77.872366 209.017981 1.031273 
0.200893 77.868069 209.048102 1.031474 
0.200917 77.872531 209.093275 1.031499 
0.200896 77.870662 209.125330 1.031621 
0.200652 77.866555 209.158916 1.031467 
0.200882 77.877330 209.186554 1.031311 
0.200609 77.878872 209.225597 1.031370 
0.200627 77.873500 209.258425 1.031321 
0.200724 77.869189 209.280994 1.031344 
0.200573 77.876420 209.321783 1.031303 
0.200499 77.881790 209.351165 1.031447 
0.200483 77.877989 209.380730 1.031282 
0.200285 77.882296 209.410325 1.031355 
0.200408 77.882827 209.444541 1.031294 
0.200447 77.882081 209.477085 1.031409 
0.200259 77.889989 209.503086 1.031380 
0.200236 77.884513 209.536051 1.031509 
0.200414 77.891510 209.571856 1.031475 
0.200406 77.890613 209.609670 1.031503 
0.200312 77.887961 209.635654 1.031253 
0.200159 77.892221 209.675644 1.031411 
0.200203 77.890818 209.706402 1.031295 
0.200201 77.886425 209.737016 1.031406 
0.200242 77.886509 209.768952 1.031578 
0.199989 77.886888 209.805756 1.031466 
0.200104 77.879683 209.839919 1.031522 
0.199938 77.883667 209.865902 1.031589 
0.199919 77.887555 209.902702 1.031432 
0.199816 77.888413 209.942753 1.031347 
0.199548 77.890125 209.972215 1.031417 
0.199781 77.883251 209.999756 1.031542 
0.199426 77.889951 210.031024 1.031456 
0.199515 77.887521 210.059012 1.031499 
0.199377 77.885282 210.082780 1.031452 
0.199480 77.883823 210.104087 1.031495 
0.199182 77.882600 210.129922 1.031514 
0.199273 77.885401 210.170616 1.031569 
0.199143 77.887707 210.190355 1.031261 
