0.155744 78.415539 177.728345 1.031138 
0.201037 78.217319 211.650730 1.031274 
0.201137 78.214782 211.703294 1.031371 
0.201495 78.219872 211.758146 1.031453 
0.201405 78.217360 211.805300 1.031338 
0.201499 78.213349 211.856369 1.031309 
0.201326 78.215727 211.912971 1.031413 
0.201332 78.220067 211.958492 1.031364 
0.201282 78.211557 212.003882 1.031421 
0.201404 78.209611 212.053409 1.031472 
0.201249 78.204755 212.109228 1.031267 
0.201266 78.200406 212.158095 1.031416 
0.201541 78.206293 212.205932 1.031392 
0.201498 78.204793 212.269607 1.031305 
0.201520 78.204271 212.326342 1.031361 
0.201478 78.198689 212.373915 1.031286 
0.201332 78.207462 212.426273 1.031202 
0.201462 78.198736 212.487657 1.031352 
0.201404 78.194940 212.540343 1.031179 
0.201443 78.194290 212.605720 1.031287 
0.201461 78.190646 212.655416 1.031351 
0.201436 78.191919 212.699752 1.031395 
0.201473 78.194663 212.752806 1.031302 
0.201542 78.197753 212.813667 1.031298 
0.201601 78.193160 212.870534 1.031229 
0.201592 78.196548 212.911552 1.031235 
0.201356 78.197245 212.967159 1.031411 
0.201441 78.196157 213.022172 1.031315 
0.201258 78.197889 213.068413 1.031318 
0.201466 78.196423 213.118493 1.031402 
0.201727 78.201987 213.166108 1.031342 
0.201548 78.198544 213.222597 1.031589 
0.201355 78.195920 213.280797 1.031489 
0.201578 78.199451 213.329262 1.031264 
0.201535 78.200782 213.385746 1.031188 
0.201448 78.200609 213.443304 1.031445 
0.201292 78.197601 213.482322 1.031550 
0.201353 78.203483 213.524919 1.031439 
0.201327 78.210325 213.591678 1.031454 
0.201519 78.208166 213.628195 1.031402 
0.201356 78.218102 213.679169 1.031650 
0.201535 78.205055 213.730581 1.031319 
0.201207 78.204903 213.777297 1.031556 
0.201483 78.206437 213.826523 1.031386 
0.201246 78.207410 213.871986 1.031290 
0.201482 78.205017 213.915317 1.031408 
0.201190 78.210270 213.958708 1.031448 
0.201150 78.208244 214.003905 1.031450 
0.201370 78.205540 214.045627 1.031454 
0.201177 78.204414 214.095833 1.031395 
0.201325 78.212520 214.131078 1.031435 
0.201277 78.212587 214.177834 1.031347 
0.201411 78.212817 214.225293 1.031397 
0.201186 78.207246 214.271848 1.031397 
0.201559 78.202874 214.309265 1.031311 
0.201547 78.201465 214.358295 1.031379 
0.201465 78.200829 214.397072 1.031247 
0.201480 78.202505 214.438242 1.031287 
0.201362 78.206592 214.485754 1.031302 
0.201470 78.200036 214.523068 1.031369 
0.201510 78.202002 214.570848 1.031366 
0.201332 78.208979 214.611596 1.031548 
0.201549 78.203217 214.646390 1.031278 
0.201753 78.200595 214.684540 1.031387 
0.201651 78.197939 214.721017 1.031227 
0.201453 78.200190 214.765770 1.031338 
0.201414 78.193105 214.799063 1.031321 
0.201661 78.189213 214.833423 1.031283 
0.201702 78.198426 214.867270 1.031408 
0.201662 78.188100 214.902282 1.031409 
0.201741 78.188990 214.941284 1.031350 
0.201664 78.188448 214.975938 1.031439 
0.201653 78.186025 215.006243 1.031354 
0.201726 78.184050 215.038498 1.031418 
0.202190 78.187910 215.066957 1.031325 
0.201613 78.187769 215.099278 1.031353 
0.201894 78.182360 215.131606 1.031395 
0.201922 78.181496 215.157977 1.031305 
0.201871 78.181931 215.195948 1.031200 
0.201918 78.177655 215.224356 1.031518 
0.202005 78.183051 215.251582 1.031321 
0.201996 78.187230 215.275905 1.031308 
0.201820 78.183120 215.315247 1.031278 
0.201920 78.184143 215.342011 1.031378 
0.202026 78.181274 215.382020 1.031548 
0.201597 78.179738 215.417349 1.031275 
0.201972 78.177877 215.445187 1.031374 
0.201958 78.174630 215.476815 1.031201 
0.201970 78.180503 215.520592 1.031156 
0.202138 78.181633 215.554286 1.031247 
0.202236 78.184572 215.588230 1.031210 
0.202103 78.187315 215.640039 1.031241 
0.202023 78.194770 215.674505 1.031185 
0.202056 78.197864 215.707205 1.031301 
0.202282 78.190880 215.741652 1.031453 
0.201970 78.192186 215.771954 1.031342 
0.202106 78.197761 215.800210 1.031263 
0.202184 78.196155 215.834010 1.031424 
0.202187 78.196220 215.865237 1.031366 
0.202480 78.204173 215.900651 1.031249 
0.202291 78.198061 215.926528 1.031442 
0.202147 78.204006 215.961796 1.031299 
0.202222 78.203845 215.991641 1.031255 
0.202060 78.208838 216.017637 1.031424 
0.202215 78.203966 216.049299 1.031353 
0.202186 78.213608 216.085247 1.031462 
0.202200 78.218035 216.122195 1.031248 
0.202030 78.213583 216.156860 1.031240 
0.202176 78.210680 216.187757 1.031401 
0.202317 78.211939 216.216863 1.031354 
0.202281 78.215206 216.256981 1.031334 
0.202150 78.221821 216.286781 1.031515 
0.202298 78.216766 216.320185 1.031306 
0.202119 78.219252 216.350882 1.031454 
0.202233 78.224552 216.393845 1.031494 
0.202073 78.219931 216.423115 1.031204 
0.201992 78.220169 216.453380 1.031140 
0.201987 78.215638 216.487782 1.031303 
0.201786 78.223279 216.519533 1.031289 
0.202054 78.219187 216.560711 1.031283 
0.201807 78.219006 216.585131 1.031419 
0.201704 78.218746 216.612793 1.031329 
0.201670 78.220740 216.646542 1.031349 
0.201428 78.221802 216.681434 1.031337 
0.201583 78.221658 216.708793 1.031355 
0.201355 78.218212 216.738972 1.031595 
0.201467 78.214298 216.757629 1.031460 
0.201141 78.220008 216.787135 1.031448 
0.201218 78.225663 216.817956 1.031512 
0.201033 78.221244 216.835219 1.031537 
0.201050 78.224217 216.860703 1.031424 
0.200906 78.208454 216.874922 1.031366 
0.200824 78.219976 216.901253 1.031199 
0.200788 78.218318 216.929295 1.031357 
0.200555 78.216680 216.953329 1.031419 
0.200791 78.224254 216.978179 1.031214 
0.200540 78.232278 217.013994 1.031220 
0.200603 78.228666 217.033463 1.031281 
0.200388 78.231387 217.054534 1.031175 
0.200527 78.230612 217.085202 1.031148 
0.200463 78.233407 217.106186 1.031410 
0.200548 78.228693 217.124860 1.031475 
0.200495 78.229845 217.146089 1.031406 
0.200470 78.236674 217.173033 1.031240 
0.200245 78.234376 217.190306 1.031250 
0.200558 78.236586 217.208453 1.031418 
0.200515 78.227809 217.230206 1.031374 
0.200363 78.231795 217.249073 1.031444 
0.200247 78.236580 217.273784 1.031278 
0.200520 78.235595 217.301634 1.031260 
0.200264 78.237383 217.320486 1.031199 
0.200407 78.241987 217.335715 1.031077 
0.200341 78.244962 217.368479 1.031159 
0.200467 78.238764 217.386093 1.031320 
0.200410 78.243655 217.402347 1.031105 
0.200519 78.250420 217.417995 1.031261 
0.200432 78.241199 217.440168 1.031296 
0.200359 78.244346 217.459927 1.031303 
0.200470 78.241550 217.478327 1.031210 
0.200567 78.251969 217.490061 1.031214 
0.200797 78.251819 217.519089 1.031183 
0.200580 78.250607 217.537420 1.031310 
0.200578 78.255728 217.560116 1.031432 
0.200663 78.257900 217.584863 1.031446 
0.200313 78.244871 217.590514 1.031499 
0.200542 78.250459 217.618549 1.031436 
0.200274 78.259237 217.641762 1.031350 
0.200425 78.261404 217.660038 1.031311 
0.200145 78.258473 217.688288 1.031294 
0.200274 78.255935 217.710780 1.031455 
0.200199 78.260908 217.718997 1.031479 
0.200205 78.261854 217.745625 1.031500 
0.200139 78.268237 217.766421 1.031451 
0.200292 78.253874 217.780887 1.031577 
0.199960 78.264437 217.797154 1.031514 
0.200326 78.260024 217.809929 1.031417 
0.199879 78.265669 217.848364 1.031281 
0.200312 78.264046 217.857841 1.031223 
0.199930 78.259885 217.881090 1.031424 
0.200223 78.263059 217.912063 1.031468 
0.199969 78.250681 217.927475 1.031435 
0.199879 78.261654 217.956186 1.031392 
0.199908 78.256493 217.989528 1.031500 
0.200002 78.256240 218.002755 1.031306 
0.200167 78.249428 218.026560 1.031399 
0.200000 78.252583 218.051674 1.031694 
0.199883 78.246467 218.074905 1.031422 
0.200055 78.239864 218.093260 1.031338 
0.200110 78.241093 218.122077 1.031297 
0.199981 78.241631 218.144176 1.031317 
0.200257 78.247918 218.175924 1.031575 
0.200331 78.237845 218.182008 1.031340 
0.200338 78.242328 218.219202 1.031562 
0.200321 78.246448 218.240449 1.031512 
0.200515 78.246326 218.262046 1.031360 
0.200409 78.254142 218.293430 1.031499 
0.200587 78.245017 218.311214 1.031545 
0.200390 78.252651 218.340695 1.031523 
0.200748 78.248861 218.357298 1.031445 
0.200702 78.247136 218.380270 1.031433 
