0.112547 78.865927 155.531515 1.031364 
0.112605 78.868717 155.467690 1.031258 
0.112603 78.867473 155.387087 1.031490 
0.112721 78.866024 155.315300 1.031549 
0.112811 78.865783 155.248575 1.031520 
0.112544 78.869189 155.161982 1.031413 
0.112710 78.871675 155.090361 1.031483 
0.112668 78.879414 155.008904 1.031300 
0.112735 78.874088 154.941312 1.031446 
0.112394 78.872582 154.859661 1.031344 
0.112380 78.872367 154.787418 1.031191 
0.112188 78.873528 154.714969 1.031289 
0.112342 78.877778 154.643238 1.031223 
0.112073 78.876420 154.560995 1.031128 
0.112117 78.875485 154.486879 1.031440 
0.112020 78.883173 154.421820 1.031437 
0.112153 78.879566 154.348278 1.031489 
0.111867 78.874622 154.274845 1.031575 
0.111904 78.875877 154.208344 1.031430 
0.111861 78.876500 154.137840 1.031427 
0.111718 78.875515 154.074205 1.031405 
0.111977 78.876310 154.013405 1.031396 
0.111828 78.883679 153.935122 1.031489 
0.111706 78.882948 153.865864 1.031486 
0.111328 78.887107 153.807309 1.031400 
0.111533 78.885120 153.735786 1.031453 
0.111442 78.887584 153.670238 1.031371 
0.111500 78.888183 153.595114 1.031503 
0.111353 78.885741 153.530446 1.031353 
0.111236 78.896610 153.462744 1.031538 
0.111099 78.885333 153.388716 1.031433 
0.111150 78.891332 153.330488 1.031409 
0.110968 78.899317 153.255827 1.031441 
0.110899 78.894317 153.190186 1.031542 
0.111020 78.893746 153.125047 1.031507 
0.110804 78.887055 153.051201 1.031480 
0.110708 78.892813 152.993446 1.031436 
0.110736 78.888289 152.919658 1.031685 
0.110755 78.891915 152.857515 1.031350 
0.110594 78.887053 152.794221 1.031357 
0.110716 78.888428 152.723754 1.031364 
0.110374 78.883280 152.650971 1.031448 
0.110330 78.880847 152.579786 1.031466 
0.110452 78.883459 152.517189 1.031578 
0.110235 78.876251 152.460578 1.031426 
0.109867 78.877692 152.388849 1.031463 
0.110032 78.871134 152.328600 1.031362 
0.110073 78.869779 152.257075 1.031506 
0.109954 78.877091 152.193245 1.031424 
0.109918 78.862424 152.130825 1.031556 
0.109751 78.873514 152.069287 1.031281 
0.109667 78.864621 152.006130 1.031394 
0.109674 78.860093 151.948111 1.031390 
0.109770 78.861873 151.881795 1.031338 
0.109497 78.862543 151.813243 1.031385 
0.109292 78.846769 151.749338 1.031537 
0.109259 78.849279 151.689535 1.031380 
0.109157 78.841398 151.626921 1.031516 
0.109156 78.840743 151.573369 1.031370 
0.109158 78.839651 151.496482 1.031168 
0.109076 78.838715 151.439223 1.031117 
0.109134 78.838667 151.379215 1.031307 
0.109124 78.834724 151.321101 1.031139 
0.108910 78.830035 151.256625 1.031389 
0.109243 78.823719 151.205155 1.031389 
0.108793 78.823775 151.145633 1.031412 
0.108912 78.818110 151.094460 1.031353 
0.108945 78.820152 151.035824 1.031350 
0.108936 78.819485 150.975091 1.031316 
0.108836 78.823708 150.927337 1.031399 
0.108890 78.815903 150.865043 1.031450 
0.108700 78.808894 150.820786 1.031176 
0.108713 78.800177 150.757706 1.031294 
0.108597 78.807263 150.713926 1.031308 
0.108913 78.805183 150.671013 1.031217 
0.108700 78.813709 150.616025 1.031375 
0.108814 78.806447 150.568942 1.031484 
0.108975 78.802656 150.523289 1.031501 
0.108846 78.809453 150.472026 1.031377 
0.108937 78.809451 150.426136 1.031430 
0.108719 78.799431 150.376693 1.031440 
0.108927 78.808203 150.330074 1.031436 
0.108617 78.805961 150.276860 1.031318 
0.108638 78.800306 150.227911 1.031339 
0.108776 78.803053 150.188164 1.031283 
0.108747 78.796769 150.125107 1.031339 
0.108643 78.800203 150.081633 1.031556 
0.108554 78.801204 150.036022 1.031383 
0.108729 78.805601 149.984073 1.031308 
0.108442 78.801389 149.937394 1.031163 
0.108816 78.795578 149.891313 1.031091 
0.108727 78.805721 149.856594 1.031307 
0.108608 78.805627 149.802710 1.031127 
0.108861 78.790604 149.762354 1.031481 
0.108878 78.794557 149.714989 1.031378 
0.108707 78.788428 149.670827 1.031400 
0.109094 78.796837 149.622007 1.031453 
0.108823 78.795907 149.578098 1.031383 
0.108894 78.800947 149.532933 1.031433 
0.109016 78.796474 149.490306 1.031508 
0.109172 78.794594 149.441015 1.031280 
0.108871 78.800714 149.395907 1.031394 
0.109087 78.792332 149.355611 1.031418 
0.109398 78.796046 149.305693 1.031279 
0.109279 78.798118 149.262166 1.031429 
0.109168 78.791062 149.209800 1.031309 
0.109388 78.792181 149.170235 1.031410 
0.109394 78.788294 149.122341 1.031541 
0.109317 78.782084 149.078424 1.031390 
0.109304 78.781301 149.036117 1.031411 
0.109512 78.785821 148.994840 1.031206 
0.109519 78.787920 148.951997 1.031414 
0.109591 78.784753 148.903070 1.031299 
0.109997 78.783677 148.862606 1.031352 
0.109764 78.782576 148.825608 1.031487 
0.109948 78.788799 148.776481 1.031471 
0.109823 78.776881 148.733006 1.031524 
0.109884 78.780784 148.695027 1.031514 
0.110012 78.777925 148.654748 1.031400 
0.109954 78.782496 148.614249 1.031463 
0.109933 78.772728 148.578728 1.031487 
0.109945 78.772087 148.530265 1.031364 
0.109812 78.773264 148.493480 1.031462 
0.110167 78.779698 148.453052 1.031513 
0.110049 78.780914 148.410609 1.031292 
0.110174 78.776145 148.370158 1.031286 
0.109915 78.772301 148.326264 1.031269 
0.110027 78.776627 148.294757 1.031300 
0.110244 78.773210 148.252353 1.031294 
0.110259 78.775433 148.210045 1.031214 
0.110242 78.774643 148.177803 1.031249 
0.110117 78.773013 148.135833 1.031134 
0.110245 78.769983 148.086239 1.031479 
0.110377 78.769608 148.048408 1.031305 
0.110296 78.771576 148.010821 1.031331 
0.110168 78.768909 147.969138 1.031406 
0.110490 78.771160 147.921478 1.031136 
0.110064 78.766877 147.887538 1.031163 
0.110344 78.766673 147.842844 1.031172 
0.110311 78.774181 147.816480 1.031213 
0.110347 78.770675 147.776641 1.031022 
0.110185 78.767230 147.746740 1.030967 
0.110558 78.768467 147.708392 1.031198 
0.110531 78.768879 147.669316 1.031235 
0.110469 78.772773 147.635223 1.031406 
0.110300 78.764057 147.594399 1.031491 
0.110364 78.768870 147.566970 1.031371 
0.110217 78.772993 147.528186 1.031426 
0.110142 78.761643 147.493721 1.031357 
0.110625 78.769880 147.448623 1.031518 
0.110250 78.762565 147.415615 1.031321 
0.110193 78.761120 147.376389 1.031435 
0.110183 78.765306 147.337940 1.031398 
0.110188 78.766000 147.310948 1.031419 
0.110321 78.766951 147.269827 1.031173 
0.110112 78.767809 147.244725 1.031258 
0.110195 78.766564 147.197182 1.031210 
0.110049 78.765806 147.173132 1.031258 
0.109929 78.763188 147.133568 1.031265 
0.110178 78.764862 147.101277 1.031163 
0.110196 78.759929 147.071060 1.031153 
0.110135 78.763103 147.037076 1.031329 
0.110079 78.758225 147.006786 1.031296 
0.109898 78.762763 146.975863 1.031282 
0.109961 78.758960 146.947851 1.030994 
0.110143 78.760862 146.915333 1.031417 
0.109988 78.762780 146.876600 1.031281 
0.109848 78.762108 146.845399 1.031450 
0.109901 78.761827 146.809125 1.031275 
0.109859 78.762964 146.772915 1.031426 
0.109850 78.756188 146.746530 1.031369 
0.109911 78.753494 146.702531 1.031459 
0.109752 78.764467 146.670197 1.031446 
0.109910 78.756944 146.633953 1.031361 
0.109744 78.758040 146.594474 1.031496 
0.109922 78.750072 146.559776 1.031417 
0.109667 78.756595 146.524016 1.031382 
0.109606 78.748235 146.488937 1.031350 
0.109680 78.745345 146.451918 1.031558 
0.109582 78.745866 146.410548 1.031480 
0.109708 78.744617 146.374510 1.031450 
0.109548 78.741320 146.344393 1.031579 
0.109627 78.740785 146.303691 1.031339 
0.109413 78.742213 146.263393 1.031311 
0.109568 78.741016 146.227131 1.031422 
0.109367 78.737147 146.196262 1.031226 
0.109562 78.734474 146.152047 1.031206 
0.109481 78.736357 146.118761 1.031467 
0.109329 78.735485 146.095543 1.031519 
0.109301 78.738631 146.047383 1.031434 
0.109389 78.729666 146.008960 1.031440 
0.109550 78.732199 145.976172 1.031330 
0.109133 78.727846 145.944279 1.031396 
0.109456 78.725932 145.905770 1.031314 
0.109237 78.724159 145.869488 1.031230 
0.109150 78.732053 145.842485 1.031462 
0.109437 78.730182 145.793068 1.031332 
0.109225 78.730449 145.767552 1.031483 
0.109209 78.722992 145.726692 1.031405 
0.109318 78.734812 145.696997 1.031327 
