0.113032 78.407299 146.724793 1.031518 
0.154368 78.052521 172.315481 1.031385 
0.154276 78.050073 172.335251 1.031432 
0.154176 78.047220 172.343334 1.031520 
0.154227 78.045329 172.367013 1.031602 
0.154236 78.035289 172.380654 1.031472 
0.154414 78.037107 172.402184 1.031461 
0.154468 78.039830 172.429620 1.031559 
0.154283 78.038756 172.436776 1.031541 
0.154367 78.033946 172.456066 1.031467 
0.154152 78.020732 172.495720 1.031462 
0.154310 78.026595 172.502627 1.031511 
0.154459 78.025310 172.532955 1.031446 
0.154415 78.027588 172.556830 1.031654 
0.154670 78.024202 172.578973 1.031621 
0.154283 78.015508 172.600399 1.031543 
0.154596 78.026478 172.621297 1.031609 
0.154565 78.018643 172.648672 1.031723 
0.154909 78.015450 172.665537 1.031811 
0.154809 78.008654 172.695514 1.031505 
0.154806 78.005149 172.716192 1.031627 
0.154828 78.006623 172.736272 1.031656 
0.155170 78.013382 172.761807 1.031567 
0.154812 78.015099 172.780051 1.031583 
0.155481 78.006221 172.803178 1.031405 
0.155056 78.005480 172.814463 1.031441 
0.155253 78.004099 172.847559 1.031461 
0.155303 78.006943 172.867117 1.031592 
0.155407 78.010555 172.884025 1.031625 
0.155711 78.002219 172.912417 1.031618 
0.155441 78.009953 172.944341 1.031482 
0.155267 78.004198 172.967589 1.031550 
0.155499 78.009198 172.976747 1.031602 
0.155734 78.003999 172.995538 1.031430 
0.155576 78.002670 173.020608 1.031671 
0.155799 77.998482 173.035921 1.031640 
0.155867 78.009678 173.049578 1.031615 
0.155921 78.007155 173.076540 1.031581 
0.155931 78.004280 173.091827 1.031644 
0.155606 78.009783 173.118210 1.031708 
0.155961 78.007136 173.127411 1.031519 
0.156053 78.006755 173.146027 1.031458 
0.155865 78.012249 173.164246 1.031544 
0.155875 78.009403 173.183218 1.031607 
0.156150 77.999363 173.207944 1.031535 
0.155815 77.998377 173.223319 1.031599 
0.156194 78.000011 173.239680 1.031665 
0.156180 77.993502 173.258561 1.031642 
0.156256 78.002372 173.272603 1.031549 
0.156038 78.004077 173.279853 1.031343 
0.156300 77.988166 173.296816 1.031529 
0.156304 77.988904 173.300849 1.031526 
0.156466 77.986102 173.320023 1.031481 
0.156099 77.991505 173.339979 1.031378 
0.156390 77.979062 173.356001 1.031465 
0.156511 77.977958 173.356153 1.031495 
0.156795 77.981589 173.377795 1.031352 
0.156352 77.979167 173.384440 1.031312 
0.156358 77.970415 173.397600 1.031449 
0.156307 77.963926 173.415185 1.031460 
0.156742 77.957706 173.429769 1.031494 
0.156422 77.956445 173.445344 1.031569 
0.156621 77.962431 173.461276 1.031517 
0.156566 77.946811 173.467256 1.031506 
0.156569 77.949024 173.484979 1.031480 
0.156615 77.945594 173.500151 1.031458 
0.156636 77.943480 173.508331 1.031453 
0.156592 77.939254 173.534778 1.031207 
0.156402 77.942986 173.535198 1.031365 
0.156727 77.930903 173.550655 1.031361 
0.156399 77.921191 173.560559 1.031456 
0.156814 77.926554 173.582138 1.031524 
0.156616 77.919263 173.589937 1.031299 
0.156660 77.924964 173.607509 1.031224 
0.156544 77.922625 173.612086 1.031386 
0.156840 77.923217 173.625147 1.031178 
0.156557 77.930289 173.638080 1.031368 
0.156825 77.925350 173.656992 1.031357 
0.156904 77.927898 173.668976 1.031395 
0.156541 77.925155 173.688354 1.031496 
0.156997 77.921906 173.696908 1.031455 
0.157039 77.920636 173.715717 1.031441 
0.157038 77.928269 173.723928 1.031390 
0.156728 77.915392 173.735914 1.031392 
0.156818 77.919849 173.749160 1.031453 
0.156939 77.914286 173.771988 1.031571 
0.157007 77.911444 173.771920 1.031459 
0.156944 77.914487 173.783564 1.031533 
0.157220 77.897518 173.789534 1.031446 
0.156976 77.910603 173.805195 1.031483 
0.157097 77.910782 173.818880 1.031494 
0.157060 77.906648 173.832151 1.031561 
0.157121 77.919183 173.848872 1.031469 
0.157112 77.916979 173.854268 1.031603 
0.157237 77.917755 173.862590 1.031629 
0.157171 77.915716 173.885187 1.031569 
0.157042 77.924594 173.883643 1.031706 
0.157280 77.924410 173.900245 1.031520 
0.157023 77.926522 173.905361 1.031602 
0.157011 77.934835 173.905322 1.031540 
0.157342 77.933329 173.932388 1.031666 
0.157013 77.931928 173.946949 1.031618 
0.157071 77.934262 173.953677 1.031669 
0.157144 77.935524 173.955381 1.031679 
0.157113 77.943350 173.966098 1.031619 
0.157191 77.944070 173.976594 1.031604 
0.156971 77.948318 173.984510 1.031627 
0.157307 77.950602 173.992543 1.031732 
0.157217 77.949338 173.995982 1.031687 
0.157040 77.951742 174.006378 1.031610 
0.157139 77.960184 174.016742 1.031611 
0.157164 77.955653 174.017367 1.031408 
0.157076 77.960331 174.028632 1.031520 
0.156984 77.959829 174.024803 1.031580 
0.157175 77.962186 174.036112 1.031412 
0.156888 77.964823 174.041040 1.031467 
0.156799 77.965943 174.047043 1.031278 
0.156934 77.968733 174.057346 1.031391 
0.157095 77.968124 174.057661 1.031491 
0.156820 77.979865 174.069957 1.031391 
0.156857 77.977315 174.065527 1.031490 
0.156824 77.970855 174.074987 1.031484 
0.156799 77.970861 174.090026 1.031384 
0.156872 77.974663 174.096578 1.031597 
0.156617 77.971101 174.099944 1.031623 
0.156428 77.968187 174.112202 1.031593 
0.156852 77.969350 174.123272 1.031439 
0.156685 77.972857 174.134945 1.031397 
0.156363 77.973401 174.150154 1.031492 
0.156669 77.969048 174.155467 1.031541 
0.156328 77.964353 174.170389 1.031442 
0.156391 77.965690 174.182950 1.031738 
0.156471 77.964187 174.190143 1.031578 
0.156382 77.965336 174.202815 1.031377 
0.156454 77.964817 174.212876 1.031658 
0.156159 77.959473 174.227552 1.031517 
0.156126 77.961971 174.234449 1.031522 
0.156159 77.959398 174.251028 1.031431 
0.156106 77.958483 174.254963 1.031494 
0.156341 77.963514 174.257434 1.031469 
0.156091 77.961726 174.272421 1.031478 
0.155890 77.956083 174.278503 1.031454 
0.155762 77.966631 174.287405 1.031199 
0.155476 77.970168 174.295856 1.031241 
0.155652 77.955172 174.306976 1.031540 
0.155543 77.962650 174.315385 1.031465 
0.155695 77.959079 174.323771 1.031467 
0.155406 77.967222 174.325320 1.031666 
0.155599 77.962274 174.339081 1.031695 
0.155527 77.962679 174.343311 1.031608 
0.155435 77.964527 174.356500 1.031565 
0.155241 77.960875 174.354581 1.031604 
0.155180 77.967545 174.373309 1.031658 
0.155177 77.960256 174.383493 1.031677 
0.155115 77.974679 174.390032 1.031626 
0.155085 77.971385 174.398138 1.031588 
0.155150 77.970602 174.407619 1.031791 
0.154962 77.979127 174.419774 1.031728 
0.155066 77.977427 174.416851 1.031630 
0.154811 77.986702 174.425995 1.031569 
0.154783 77.981083 174.429741 1.031611 
0.154725 77.986725 174.440034 1.031737 
0.154650 77.989042 174.441267 1.031680 
0.154725 77.985699 174.444845 1.031774 
0.154750 77.986538 174.453250 1.031644 
0.154527 77.990420 174.462045 1.031689 
0.154646 77.988611 174.470010 1.031673 
0.154611 77.991063 174.474331 1.031535 
0.154519 77.997347 174.484961 1.031477 
0.154402 77.995814 174.498188 1.031282 
0.154439 77.998691 174.499774 1.031403 
0.154401 77.992866 174.504590 1.031340 
0.154396 77.986536 174.513040 1.031553 
0.154526 77.996261 174.520924 1.031655 
0.154316 78.005801 174.526781 1.031509 
0.154467 78.003238 174.544203 1.031704 
0.154358 78.000281 174.553666 1.031502 
0.154385 78.008341 174.549101 1.031502 
0.154185 77.998943 174.560416 1.031561 
0.154077 77.999506 174.568515 1.031725 
0.154290 78.001546 174.569669 1.031498 
0.154357 78.005082 174.569887 1.031471 
0.154229 78.006001 174.580129 1.031700 
0.154282 78.008324 174.587809 1.031614 
0.154149 78.013300 174.581502 1.031611 
0.154259 78.010942 174.589227 1.031463 
0.154040 78.006812 174.595302 1.031558 
0.154336 78.011037 174.592103 1.031531 
0.154014 78.006778 174.591303 1.031438 
0.153965 78.014605 174.600637 1.031627 
0.154062 78.010863 174.608546 1.031599 
0.154142 78.011810 174.611909 1.031670 
0.153973 78.012519 174.622278 1.031460 
0.153983 78.008379 174.627646 1.031509 
0.154342 78.017310 174.636126 1.031576 
0.154066 78.017473 174.646201 1.031279 
0.153993 78.013025 174.651829 1.031317 
0.154179 78.018958 174.673096 1.031476 
0.154377 78.025763 174.679484 1.031454 
0.154186 78.008507 174.682243 1.031641 
