0.158405 69.125562 176.405732 1.021917 
0.158416 69.128193 176.391894 1.021915 
0.158283 69.123920 176.378767 1.022026 
0.158334 69.135004 176.361751 1.022023 
0.158279 69.128828 176.333241 1.022055 
0.158295 69.131099 176.323469 1.022078 
0.158133 69.135810 176.304968 1.022140 
0.158216 69.132664 176.290197 1.022026 
0.158313 69.135222 176.267951 1.022152 
0.158358 69.131921 176.248273 1.022215 
0.158018 69.128402 176.225017 1.022246 
0.158150 69.131334 176.222269 1.022096 
0.158035 69.134481 176.191126 1.022076 
0.158266 69.137147 176.177492 1.021920 
0.158208 69.135257 176.158833 1.022096 
0.157969 69.136819 176.135087 1.022061 
0.158087 69.138269 176.120009 1.022005 
0.158026 69.143646 176.104154 1.022113 
0.158204 69.139084 176.089789 1.022045 
0.157986 69.141053 176.064292 1.021905 
0.158218 69.142742 176.047072 1.021986 
0.158116 69.149934 176.036849 1.021887 
0.158026 69.149936 176.013156 1.022074 
0.158244 69.150215 175.996946 1.022051 
0.158301 69.151688 175.979285 1.022006 
0.158335 69.156117 175.959013 1.022099 
0.158393 69.160180 175.947643 1.022087 
0.158264 69.153999 175.929510 1.022205 
0.158320 69.162636 175.915881 1.021984 
0.158350 69.167396 175.896022 1.022188 
0.158324 69.161164 175.876152 1.022018 
0.158220 69.163991 175.864688 1.022035 
0.158374 69.168029 175.845090 1.022085 
0.158271 69.170835 175.835389 1.021932 
0.158259 69.175110 175.821932 1.022179 
0.158377 69.175397 175.808528 1.022042 
0.158393 69.185040 175.792892 1.022179 
0.158337 69.189427 175.779342 1.022123 
0.158452 69.176137 175.764011 1.021987 
0.158276 69.177374 175.749029 1.022224 
0.158223 69.181272 175.750156 1.022008 
0.158128 69.182434 175.735810 1.022195 
0.158091 69.180806 175.715255 1.021951 
0.158312 69.189983 175.710618 1.022146 
0.158136 69.175723 175.695916 1.022101 
0.158375 69.182517 175.686614 1.022122 
0.158236 69.185586 175.672512 1.022076 
0.158284 69.188226 175.662227 1.021889 
0.158305 69.189353 175.654712 1.022013 
0.158220 69.188908 175.636027 1.022017 
0.158385 69.199110 175.630649 1.022143 
0.157823 69.194847 175.619769 1.022032 
0.158354 69.204927 175.604317 1.022051 
0.157936 69.198714 175.595582 1.022160 
0.158191 69.196000 175.573521 1.022303 
0.158073 69.191966 175.565821 1.022206 
0.158208 69.197114 175.557083 1.022030 
0.157999 69.202443 175.540721 1.021939 
0.157994 69.198166 175.523377 1.021963 
0.158114 69.197260 175.520996 1.022131 
0.158242 69.198512 175.507102 1.021875 
0.158201 69.202315 175.494271 1.021966 
0.158217 69.203908 175.484845 1.021807 
0.158131 69.208660 175.469477 1.021878 
0.158140 69.203888 175.451973 1.022048 
0.158374 69.206085 175.443704 1.022003 
0.158098 69.213080 175.429145 1.021899 
0.158294 69.202981 175.410791 1.022109 
0.158080 69.213186 175.401027 1.022019 
0.157893 69.212303 175.385970 1.022029 
0.157932 69.210927 175.370898 1.022066 
0.157973 69.216031 175.358384 1.022090 
0.158116 69.216533 175.342375 1.021994 
0.157873 69.218254 175.334709 1.021966 
0.158195 69.224344 175.316904 1.022033 
0.158157 69.225234 175.297608 1.022027 
0.158119 69.218058 175.287647 1.021832 
0.158094 69.223946 175.272029 1.022089 
0.158040 69.234868 175.269658 1.022043 
0.158078 69.230775 175.249416 1.022044 
0.158025 69.236727 175.233960 1.021870 
0.158159 69.239921 175.216073 1.022073 
0.158049 69.244588 175.205010 1.022231 
0.158223 69.244657 175.189840 1.021944 
0.158123 69.240181 175.179898 1.021949 
0.158117 69.245697 175.169858 1.021948 
0.157951 69.237716 175.159896 1.022069 
0.158134 69.245752 175.146904 1.022088 
0.158120 69.246615 175.134536 1.022014 
0.158157 69.249210 175.125526 1.022200 
0.158047 69.250831 175.115167 1.022263 
0.158068 69.251013 175.104678 1.022097 
0.157970 69.256000 175.099863 1.022184 
0.158025 69.256780 175.079462 1.022153 
0.157994 69.262641 175.067118 1.022020 
0.158004 69.258476 175.060408 1.022204 
0.157796 69.260405 175.053889 1.022030 
0.157983 69.261056 175.033078 1.021957 
0.158111 69.261670 175.027261 1.022027 
0.157937 69.260010 175.004210 1.021977 
0.157919 69.257122 174.996301 1.022131 
0.157866 69.261117 174.979653 1.021984 
0.157815 69.266339 174.967774 1.022055 
0.157848 69.266124 174.952968 1.022038 
0.158142 69.264866 174.945767 1.022062 
0.157833 69.266477 174.935051 1.022156 
0.157819 69.267119 174.920772 1.021966 
0.157811 69.271471 174.900103 1.021904 
0.158071 69.278438 174.901018 1.022022 
0.158141 69.267357 174.885914 1.022046 
0.157855 69.266869 174.878176 1.021959 
0.157853 69.274359 174.868895 1.021926 
0.158053 69.274854 174.860567 1.021990 
0.157853 69.279777 174.853186 1.022111 
0.157947 69.280426 174.832272 1.022115 
0.158033 69.276090 174.826773 1.022253 
0.157879 69.274105 174.817148 1.021948 
0.157921 69.279062 174.798286 1.021980 
0.157830 69.276245 174.785831 1.021997 
0.158023 69.282453 174.777269 1.022022 
0.157979 69.284113 174.765062 1.021821 
0.158042 69.281063 174.753403 1.022110 
0.157945 69.289443 174.745796 1.021998 
0.158028 69.281368 174.726661 1.022143 
0.157925 69.282513 174.719196 1.022319 
0.157988 69.297955 174.712559 1.022125 
0.157858 69.292461 174.706258 1.022196 
0.157739 69.297863 174.692781 1.022057 
0.157974 69.295058 174.685415 1.022211 
0.157853 69.296850 174.677948 1.022284 
0.157819 69.298608 174.665842 1.022097 
0.157843 69.298830 174.661490 1.022187 
0.158043 69.298076 174.663906 1.022013 
0.157785 69.302645 174.647998 1.022114 
0.157671 69.297341 174.638598 1.022046 
0.158007 69.303869 174.634388 1.022235 
0.157728 69.303550 174.626492 1.022081 
0.158018 69.303164 174.608464 1.022046 
0.157796 69.302076 174.593514 1.022134 
0.157850 69.303133 174.593235 1.022046 
0.158043 69.306196 174.589446 1.022233 
0.157903 69.304583 174.571467 1.022193 
0.158125 69.306179 174.566238 1.022236 
0.157809 69.307704 174.551141 1.022095 
0.158032 69.305948 174.541245 1.022201 
0.157887 69.307747 174.531173 1.021894 
0.158025 69.312454 174.515671 1.022179 
0.157734 69.310027 174.502378 1.022181 
0.158203 69.307426 174.489079 1.021953 
0.158206 69.306623 174.483785 1.021865 
0.158061 69.305955 174.475877 1.022087 
0.158038 69.302782 174.443749 1.021890 
0.158134 69.303983 174.441776 1.021934 
0.158100 69.309399 174.428425 1.022153 
0.157994 69.308062 174.417296 1.022246 
0.158026 69.311583 174.409518 1.022100 
0.157905 69.306316 174.403708 1.022066 
0.158103 69.307546 174.393903 1.022101 
0.157709 69.309480 174.383667 1.022067 
0.157714 69.314641 174.376134 1.022080 
0.157699 69.319605 174.369027 1.022080 
0.157781 69.311547 174.356809 1.022174 
0.157804 69.311464 174.347656 1.022184 
0.157663 69.314641 174.338137 1.022085 
0.157610 69.318239 174.323418 1.022086 
0.157659 69.319179 174.323012 1.021941 
0.157343 69.316521 174.319426 1.021987 
0.157365 69.316491 174.298215 1.021876 
0.157330 69.317093 174.294215 1.021919 
0.157251 69.317741 174.293819 1.022166 
0.157215 69.316344 174.300907 1.022075 
0.157462 69.324732 174.291494 1.022062 
0.157079 69.325453 174.276130 1.021962 
0.157169 69.329246 174.277085 1.021979 
0.157089 69.325618 174.269368 1.022020 
0.156862 69.321429 174.266669 1.022027 
0.156657 69.322972 174.255529 1.022087 
0.156850 69.328488 174.248187 1.022076 
0.156667 69.320367 174.239538 1.022177 
0.156666 69.323934 174.236161 1.021938 
0.156865 69.328005 174.223301 1.022181 
0.156580 69.331940 174.213400 1.022267 
0.156545 69.335937 174.213084 1.022131 
0.156400 69.326304 174.202619 1.022096 
0.156486 69.328860 174.190200 1.022046 
0.156305 69.333226 174.178701 1.022264 
0.156182 69.329931 174.179079 1.022234 
0.156298 69.323693 174.174315 1.022248 
0.156040 69.329041 174.170731 1.022144 
0.156221 69.330099 174.168497 1.022006 
0.156088 69.328015 174.159252 1.022200 
0.156135 69.333872 174.160289 1.022005 
0.156027 69.329293 174.147503 1.022269 
0.156237 69.331706 174.143822 1.022216 
0.155985 69.338824 174.137592 1.022256 
0.156100 69.336788 174.137526 1.022207 
0.155986 69.335643 174.131381 1.022322 
0.155891 69.338199 174.126778 1.022189 
0.155900 69.335500 174.129439 1.022043 
0.156055 69.344330 174.118605 1.022038 
