0.218076 69.975368 213.116899 1.021890 
0.120640 71.026379 157.068804 1.022173 
0.120488 71.019870 156.950430 1.022065 
0.120669 71.022344 156.845684 1.022065 
0.120418 71.026087 156.730475 1.022156 
0.120359 71.030212 156.614778 1.021963 
0.120324 71.032957 156.501194 1.022208 
0.120115 71.035604 156.392984 1.021922 
0.120032 71.038870 156.290462 1.022140 
0.119900 71.028895 156.173953 1.022098 
0.120047 71.034496 156.069755 1.022178 
0.119491 71.039582 155.960851 1.022220 
0.119807 71.038159 155.853624 1.022111 
0.119607 71.040597 155.751448 1.022038 
0.119319 71.042221 155.636392 1.022196 
0.119485 71.043863 155.531634 1.022066 
0.119246 71.052124 155.418900 1.022237 
0.118992 71.045938 155.312839 1.022164 
0.119245 71.051002 155.206761 1.022095 
0.119062 71.048727 155.100248 1.022067 
0.118992 71.056612 155.000626 1.022155 
0.119132 71.062029 154.891350 1.022016 
0.118813 71.050753 154.792737 1.022043 
0.118785 71.059879 154.692873 1.021982 
0.118837 71.055414 154.590583 1.021979 
0.118701 71.061174 154.494152 1.022102 
0.118655 71.074227 154.389521 1.022067 
0.118493 71.072129 154.300664 1.022079 
0.118728 71.076730 154.203901 1.021947 
0.118385 71.072982 154.110345 1.022095 
0.118694 71.076626 154.007151 1.022071 
0.118472 71.075807 153.909971 1.022169 
0.118490 71.079037 153.820382 1.022037 
0.118665 71.079183 153.728185 1.022032 
0.118576 71.087216 153.625200 1.022036 
0.118488 71.086005 153.532478 1.022105 
0.118533 71.092437 153.435763 1.021930 
0.118618 71.086728 153.344823 1.022141 
0.118566 71.088302 153.250608 1.022005 
0.118666 71.098361 153.152937 1.022012 
0.118546 71.095517 153.066851 1.022151 
0.118794 71.102812 152.968772 1.022097 
0.118733 71.091011 152.876821 1.021995 
0.118576 71.096115 152.781270 1.022155 
0.118788 71.104352 152.690297 1.022075 
0.118532 71.105319 152.606139 1.022104 
0.118683 71.104491 152.512765 1.022130 
0.118664 71.114123 152.423545 1.022000 
0.118952 71.113395 152.332869 1.022318 
0.118751 71.109431 152.244286 1.022141 
0.118816 71.113964 152.160318 1.022173 
0.118989 71.113771 152.073194 1.022142 
0.118936 71.119205 151.992426 1.022037 
0.118842 71.117086 151.902997 1.021931 
0.119182 71.121199 151.808973 1.022084 
0.118869 71.123964 151.730460 1.022208 
0.119115 71.122515 151.645998 1.021976 
0.119147 71.120846 151.554031 1.022031 
0.119103 71.129232 151.476974 1.022077 
0.119128 71.134561 151.397033 1.022069 
0.119031 71.126887 151.311505 1.021866 
0.119342 71.133865 151.232922 1.021936 
0.119385 71.135110 151.152217 1.021947 
0.119594 71.139376 151.076828 1.021895 
0.119389 71.138248 150.998421 1.022052 
0.119548 71.140519 150.906498 1.022003 
0.119548 71.142878 150.839421 1.022178 
0.119620 71.143369 150.755034 1.022116 
0.119879 71.145170 150.675312 1.022036 
0.119521 71.138412 150.600930 1.022222 
0.119739 71.147034 150.522279 1.022190 
0.119789 71.158963 150.443482 1.022000 
0.120104 71.151285 150.357919 1.022085 
0.119891 71.152044 150.278645 1.022053 
0.119885 71.153011 150.203889 1.021981 
0.119998 71.156721 150.114224 1.022060 
0.119876 71.150605 150.031651 1.022073 
0.120019 71.152422 149.958356 1.022034 
0.119857 71.163249 149.885629 1.021945 
0.120239 71.158833 149.796435 1.022089 
0.120131 71.159468 149.725951 1.021960 
0.120106 71.160487 149.651656 1.021917 
0.120257 71.159910 149.569686 1.022176 
0.120283 71.161134 149.494745 1.022124 
0.120298 71.165608 149.428526 1.022116 
0.120435 71.164750 149.348751 1.022010 
0.120440 71.165051 149.281590 1.022060 
0.120364 71.167409 149.218377 1.022253 
0.120323 71.176936 149.144251 1.022091 
0.120358 71.165289 149.079844 1.022109 
0.120350 71.170359 149.015508 1.021905 
0.120289 71.166670 148.953482 1.022157 
0.120612 71.170142 148.890001 1.021825 
0.120597 71.173220 148.821088 1.021915 
0.120574 71.171189 148.765009 1.022181 
0.120944 71.168143 148.701702 1.022183 
0.120901 71.183707 148.638750 1.022082 
0.120929 71.174250 148.576622 1.022052 
0.120860 71.170479 148.514622 1.021907 
0.120844 71.176275 148.447983 1.022009 
0.120802 71.184415 148.388897 1.021950 
0.121008 71.184680 148.319119 1.022027 
0.121027 71.192034 148.258833 1.021815 
0.121049 71.190135 148.193762 1.022119 
0.121114 71.188887 148.128158 1.022062 
0.121241 71.193311 148.065429 1.021999 
0.121130 71.193437 148.001318 1.022005 
0.121494 71.187291 147.947609 1.021945 
0.121286 71.195533 147.889030 1.021996 
0.121339 71.186056 147.818791 1.021915 
0.121375 71.191537 147.756196 1.022118 
0.121367 71.189500 147.693689 1.021926 
0.121284 71.191901 147.630987 1.022022 
0.121409 71.193892 147.571865 1.021896 
0.121410 71.188373 147.508389 1.022123 
0.121472 71.192823 147.436629 1.022044 
0.121404 71.197980 147.388715 1.021926 
0.121520 71.206992 147.318545 1.021988 
0.121305 71.208189 147.262571 1.022081 
0.121476 71.207486 147.195431 1.022086 
0.121304 71.208159 147.134796 1.021965 
0.121411 71.209858 147.086217 1.022070 
0.121675 71.211918 147.020699 1.022067 
0.121394 71.224033 146.965059 1.022256 
0.121310 71.217918 146.913120 1.021952 
0.121442 71.214641 146.849336 1.022197 
0.121378 71.223289 146.790078 1.022180 
0.121465 71.224414 146.734465 1.022123 
0.121287 71.227024 146.677830 1.022084 
0.121432 71.223452 146.621642 1.022066 
0.121341 71.227434 146.567121 1.022128 
0.121318 71.230382 146.508088 1.021934 
0.121418 71.235990 146.457554 1.022277 
0.121394 71.242756 146.388969 1.022128 
0.121133 71.245400 146.336008 1.022065 
0.121323 71.242094 146.277591 1.022198 
0.121189 71.243448 146.207806 1.022199 
0.121025 71.249562 146.162659 1.022144 
0.121163 71.248192 146.100582 1.021992 
0.121168 71.246422 146.032906 1.022025 
0.120904 71.252440 145.978129 1.022008 
0.120887 71.251054 145.920887 1.022040 
0.120712 71.257570 145.872588 1.022166 
0.120592 71.251722 145.814565 1.022064 
0.120652 71.268359 145.750691 1.022231 
0.120570 71.263948 145.711562 1.022018 
0.120256 71.266294 145.650438 1.022200 
0.120741 71.270818 145.591564 1.022220 
0.120382 71.268743 145.548526 1.022178 
0.120476 71.273203 145.505245 1.022108 
0.120268 71.269927 145.454733 1.022154 
0.120320 71.273987 145.405640 1.022029 
0.120385 71.275387 145.352562 1.022030 
0.120188 71.275463 145.301779 1.022089 
0.120319 71.275579 145.256686 1.022052 
0.120375 71.270537 145.204224 1.021841 
0.120245 71.273199 145.158032 1.022067 
0.120241 71.274461 145.118378 1.021767 
0.120296 71.275368 145.065834 1.022072 
0.120266 71.276584 145.021569 1.021868 
0.120523 71.280751 144.966712 1.022092 
0.120417 71.283094 144.924627 1.022090 
0.120265 71.275665 144.867732 1.022020 
0.120313 71.279951 144.812534 1.022217 
0.120358 71.271816 144.765293 1.022234 
0.120299 71.281649 144.721800 1.022100 
0.120312 71.280778 144.657281 1.022134 
0.120220 71.275668 144.613127 1.022177 
0.120229 71.281149 144.563472 1.022038 
0.120349 71.268769 144.505138 1.022255 
0.120299 71.278245 144.461604 1.022050 
0.120213 71.281354 144.408675 1.022222 
0.120327 71.276881 144.357678 1.022086 
0.120362 71.272153 144.303538 1.022078 
0.119969 71.266687 144.252627 1.021996 
0.120251 71.271264 144.209286 1.022012 
0.120040 71.272692 144.150382 1.022165 
0.120070 71.278496 144.107015 1.022134 
0.120141 71.268061 144.048819 1.022025 
0.119926 71.266427 143.988752 1.022111 
0.119938 71.265727 143.952352 1.022080 
0.119836 71.267816 143.905243 1.022154 
0.119617 71.266336 143.851276 1.021942 
0.119828 71.270638 143.813920 1.022025 
0.119450 71.264591 143.771376 1.022041 
0.119616 71.271310 143.729974 1.022028 
0.119466 71.272583 143.681280 1.021985 
0.119284 71.267395 143.634029 1.022104 
0.119020 71.275735 143.584582 1.022039 
0.119134 71.274525 143.539062 1.022172 
0.118962 71.270096 143.487216 1.022170 
0.118841 71.273925 143.444955 1.022283 
0.118939 71.269098 143.405556 1.022261 
0.118866 71.276646 143.348665 1.021856 
0.118772 71.274736 143.298830 1.022054 
0.118826 71.270039 143.254678 1.022129 
0.118718 71.277655 143.206300 1.022243 
0.118797 71.274704 143.168715 1.022112 
0.118583 71.268116 143.116363 1.022052 
0.118832 71.269921 143.064879 1.021928 
