0.213781 73.930818 208.809362 1.022109 
0.215737 73.957323 211.510260 1.022045 
0.215930 73.956106 211.527635 1.022108 
0.215632 73.957294 211.540519 1.022045 
0.215676 73.951095 211.571759 1.022125 
0.215490 73.951519 211.594162 1.022144 
0.215427 73.947591 211.610424 1.022112 
0.215324 73.944428 211.635322 1.022044 
0.215260 73.948961 211.655306 1.022143 
0.215140 73.948333 211.680966 1.022065 
0.214931 73.950379 211.703653 1.022171 
0.214880 73.939682 211.733855 1.022246 
0.214918 73.951644 211.741933 1.022154 
0.214817 73.946034 211.774829 1.022054 
0.214687 73.945408 211.790197 1.022147 
0.214692 73.941890 211.813299 1.022240 
0.214412 73.952287 211.839378 1.022113 
0.214486 73.951625 211.858433 1.022170 
0.214598 73.952617 211.882801 1.022012 
0.214341 73.948135 211.896860 1.021957 
0.214164 73.958644 211.921633 1.022046 
0.214295 73.963759 211.944858 1.022186 
0.214247 73.961169 211.966396 1.022292 
0.214408 73.969057 211.983699 1.022012 
0.214032 73.967227 212.006594 1.022157 
0.213951 73.971064 212.016495 1.022171 
0.214063 73.968339 212.040136 1.022333 
0.214110 73.967086 212.052829 1.022254 
0.213915 73.979247 212.075750 1.022200 
0.213774 73.976262 212.102418 1.022218 
0.213749 73.982586 212.127654 1.022153 
0.213686 73.982538 212.148768 1.022349 
0.213775 73.977791 212.159837 1.022221 
0.213556 73.993954 212.195734 1.022117 
0.213477 73.987507 212.218864 1.022124 
0.213467 73.989228 212.239259 1.022244 
0.213208 73.996268 212.264884 1.022162 
0.213264 73.994095 212.279805 1.022117 
0.213150 73.997004 212.305930 1.022093 
0.213154 74.004840 212.321051 1.022132 
0.213183 74.011367 212.353517 1.021918 
0.213178 74.014855 212.367051 1.022305 
0.212855 74.017754 212.389911 1.022144 
0.212897 74.020778 212.408149 1.022248 
0.212650 74.021427 212.419574 1.022183 
0.212828 74.029166 212.446190 1.022298 
0.212625 74.025961 212.460504 1.022113 
0.212612 74.030898 212.480418 1.022320 
0.212634 74.039303 212.493136 1.022318 
0.212389 74.042461 212.516304 1.022085 
0.212546 74.039480 212.531602 1.022241 
0.212358 74.037727 212.548858 1.022133 
0.212377 74.044419 212.563622 1.022070 
0.212592 74.041610 212.576222 1.022192 
0.212286 74.047762 212.593926 1.022226 
0.212101 74.047841 212.619644 1.022078 
0.212345 74.049515 212.638130 1.022144 
0.212223 74.063279 212.651996 1.021914 
0.212008 74.055595 212.682486 1.022153 
0.211959 74.058624 212.689153 1.022045 
0.212454 74.061566 212.708453 1.022145 
0.212102 74.065690 212.724805 1.022021 
0.212063 74.063376 212.744824 1.022335 
0.212136 74.065641 212.768158 1.022012 
0.212248 74.073267 212.789388 1.022166 
0.211911 74.078681 212.798477 1.021940 
0.212284 74.082052 212.813379 1.022004 
0.212004 74.081297 212.830009 1.022210 
0.211943 74.084941 212.841422 1.022101 
0.212142 74.082217 212.858072 1.022113 
0.211845 74.081754 212.867126 1.022130 
0.211815 74.082412 212.871241 1.022154 
0.212228 74.087157 212.881801 1.022078 
0.212111 74.086977 212.902972 1.022381 
0.212169 74.087271 212.905282 1.022162 
0.211994 74.095865 212.918059 1.022259 
0.212034 74.089919 212.935243 1.022062 
0.212177 74.088748 212.944622 1.022143 
0.212100 74.093256 212.952473 1.022018 
0.212009 74.091504 212.963339 1.022182 
0.212037 74.099848 212.978753 1.022288 
0.212233 74.101305 212.990901 1.022214 
0.212262 74.098276 213.003988 1.022085 
0.212103 74.098243 213.025682 1.022194 
0.212242 74.101359 213.038376 1.022201 
0.212131 74.103244 213.046046 1.022319 
0.212164 74.098575 213.062527 1.022241 
0.212381 74.101774 213.083136 1.022041 
0.212016 74.103641 213.092404 1.022263 
0.212279 74.105700 213.105295 1.022047 
0.212192 74.105765 213.119947 1.022005 
0.212269 74.104809 213.141247 1.022101 
0.212277 74.107347 213.154097 1.021836 
0.212142 74.113408 213.173134 1.022125 
0.212308 74.105667 213.179092 1.021876 
0.212190 74.104488 213.196869 1.022035 
0.211730 74.107796 213.210612 1.022042 
0.212171 74.108201 213.222578 1.022045 
0.212021 74.110658 213.234101 1.021990 
0.211865 74.109133 213.251873 1.021965 
0.211820 74.109508 213.263841 1.022035 
0.211974 74.105865 213.273566 1.021912 
0.211764 74.101839 213.288392 1.022205 
0.212067 74.104926 213.301320 1.022091 
0.211680 74.105722 213.312137 1.022179 
0.211912 74.109691 213.321962 1.022189 
0.211734 74.105699 213.332305 1.022110 
0.211661 74.104564 213.340786 1.022063 
0.211588 74.104788 213.352633 1.022065 
0.211787 74.102537 213.364186 1.022181 
0.211699 74.106050 213.362660 1.022153 
0.211831 74.103288 213.376693 1.022083 
0.211817 74.102481 213.386743 1.022209 
0.211417 74.102627 213.399855 1.021984 
0.211564 74.102851 213.398118 1.022016 
0.211416 74.102947 213.414331 1.022288 
0.211298 74.101350 213.417793 1.022178 
0.211376 74.099687 213.424951 1.022300 
0.211402 74.106277 213.432530 1.022162 
0.211033 74.107706 213.451014 1.022194 
0.211358 74.106329 213.441598 1.022198 
0.211285 74.103638 213.454224 1.022051 
0.211341 74.100683 213.464356 1.022055 
0.211069 74.108221 213.473476 1.022162 
0.211716 74.111125 213.484024 1.021960 
0.211129 74.106560 213.495931 1.022189 
0.211245 74.116532 213.507410 1.022089 
0.211475 74.115612 213.519595 1.022055 
0.211309 74.114551 213.534007 1.022228 
0.211467 74.121140 213.546042 1.022040 
0.211305 74.109629 213.548037 1.021976 
0.211368 74.113744 213.563019 1.021908 
0.211349 74.110396 213.569927 1.022089 
0.211696 74.112005 213.584662 1.022168 
0.211458 74.110623 213.597568 1.022201 
0.211645 74.116967 213.605918 1.022190 
0.211665 74.109459 213.623334 1.022090 
0.211611 74.111786 213.631303 1.022013 
0.211632 74.113072 213.651797 1.022073 
0.211718 74.116542 213.657804 1.021995 
0.211609 74.121610 213.673223 1.022045 
0.211558 74.111692 213.683404 1.022104 
0.211743 74.115901 213.696836 1.022057 
0.211698 74.115191 213.707828 1.022058 
0.211660 74.122445 213.719906 1.022028 
0.211732 74.120334 213.736361 1.022096 
0.211598 74.116528 213.742416 1.022068 
0.211547 74.122390 213.756719 1.022311 
0.211631 74.117784 213.761134 1.022060 
0.211400 74.118793 213.787481 1.022174 
0.211584 74.126320 213.795693 1.022158 
0.211286 74.121966 213.809911 1.022203 
0.211306 74.113422 213.819583 1.022281 
0.211570 74.121107 213.834955 1.022173 
0.211125 74.126981 213.855733 1.022032 
0.211309 74.132018 213.874625 1.022167 
0.211347 74.131435 213.890173 1.022115 
0.211088 74.126168 213.909546 1.022190 
0.211211 74.128840 213.927271 1.022149 
0.211158 74.134327 213.928716 1.022111 
0.211174 74.137031 213.953700 1.022174 
0.211024 74.146720 213.961767 1.022236 
0.211018 74.139810 213.976499 1.022244 
0.210875 74.142895 213.986491 1.022073 
0.210899 74.149021 214.000332 1.022175 
0.210643 74.157045 214.005424 1.022169 
0.210775 74.163184 214.018748 1.022040 
0.210696 74.164362 214.037311 1.022348 
0.210678 74.160845 214.042840 1.022128 
0.210459 74.167848 214.057440 1.022163 
0.210520 74.163829 214.068007 1.022309 
0.210383 74.163399 214.080760 1.022059 
0.210651 74.167345 214.089200 1.022279 
0.210328 74.165748 214.098395 1.022148 
0.210159 74.169687 214.107234 1.022170 
0.210300 74.172309 214.115363 1.022195 
0.210324 74.169257 214.129734 1.021923 
0.210019 74.174442 214.135005 1.022118 
0.209881 74.180484 214.151466 1.022251 
0.209934 74.183585 214.159676 1.022127 
0.210009 74.183501 214.157902 1.022189 
0.209886 74.179835 214.167087 1.022108 
0.209695 74.183115 214.176111 1.022126 
0.209631 74.189427 214.177419 1.022147 
0.209607 74.187284 214.179397 1.022116 
0.209629 74.181304 214.190597 1.022179 
0.209494 74.182235 214.195769 1.022055 
0.209428 74.182905 214.206774 1.022087 
0.209272 74.176136 214.217613 1.022229 
0.209355 74.186732 214.224329 1.022035 
0.209540 74.183124 214.236199 1.022151 
0.209122 74.175606 214.244820 1.022100 
0.209001 74.175244 214.253463 1.022069 
0.208862 74.180372 214.264736 1.022103 
0.209058 74.177325 214.271084 1.022157 
0.208972 74.175875 214.280601 1.022139 
0.208984 74.172441 214.278469 1.022049 
0.209028 74.180524 214.295919 1.021917 
0.208535 74.171153 214.295048 1.022206 
0.208680 74.175285 214.303423 1.022249 
