0.166563 71.756369 174.254142 1.022026 
0.208332 72.180732 206.070378 1.022130 
0.208330 72.186229 206.103072 1.022261 
0.208385 72.187894 206.143880 1.022387 
0.208136 72.195121 206.178496 1.022269 
0.208019 72.191691 206.214752 1.022150 
0.208080 72.201587 206.253135 1.022280 
0.207857 72.199397 206.283374 1.021969 
0.207866 72.196238 206.321616 1.022206 
0.207707 72.198694 206.361316 1.022190 
0.207570 72.202012 206.390738 1.022197 
0.207691 72.204220 206.432898 1.022066 
0.207409 72.208617 206.479607 1.022158 
0.207770 72.212099 206.506599 1.022139 
0.207342 72.206691 206.546477 1.022086 
0.207084 72.215632 206.586184 1.021955 
0.207361 72.223685 206.628276 1.021988 
0.207291 72.217475 206.662442 1.021910 
0.207232 72.227917 206.712252 1.021932 
0.207143 72.230698 206.747391 1.021948 
0.207005 72.229541 206.781127 1.022101 
0.207275 72.231511 206.827843 1.021983 
0.207089 72.232551 206.861720 1.022003 
0.206832 72.230962 206.910229 1.022084 
0.206916 72.224498 206.943575 1.021913 
0.207003 72.232619 206.995803 1.022059 
0.206721 72.238560 207.031443 1.022046 
0.206889 72.236029 207.073921 1.022171 
0.206936 72.244358 207.120010 1.022019 
0.206720 72.240510 207.152012 1.022107 
0.206929 72.243575 207.189969 1.021980 
0.206882 72.231349 207.227880 1.022209 
0.207059 72.239252 207.273958 1.022172 
0.207162 72.238650 207.312667 1.022069 
0.207124 72.243237 207.343627 1.022151 
0.206981 72.244386 207.392458 1.022112 
0.207150 72.245561 207.434120 1.021888 
0.207099 72.251342 207.470169 1.022012 
0.206993 72.249868 207.507342 1.021946 
0.207266 72.243000 207.550657 1.021939 
0.207191 72.251044 207.583931 1.022156 
0.207367 72.253507 207.626703 1.022081 
0.207501 72.249769 207.662816 1.022064 
0.207192 72.243015 207.702478 1.022208 
0.207492 72.249488 207.749240 1.022122 
0.207531 72.255415 207.783729 1.022127 
0.207577 72.254099 207.823471 1.022190 
0.207550 72.250023 207.868265 1.022195 
0.208008 72.250585 207.906323 1.022015 
0.207815 72.258869 207.950969 1.022087 
0.207860 72.263622 207.984141 1.022045 
0.208105 72.260177 208.028651 1.022206 
0.207951 72.261255 208.060257 1.022156 
0.207845 72.263604 208.106240 1.022163 
0.208065 72.257481 208.144478 1.022013 
0.207874 72.258313 208.175057 1.021999 
0.208026 72.256286 208.214200 1.022168 
0.207818 72.252628 208.249812 1.021980 
0.208014 72.259940 208.290299 1.022251 
0.208214 72.253412 208.326540 1.022128 
0.208283 72.251706 208.352869 1.022126 
0.208189 72.253541 208.385341 1.022064 
0.208275 72.256053 208.414357 1.022163 
0.208329 72.246686 208.439574 1.022188 
0.208111 72.240634 208.467898 1.022121 
0.208321 72.241350 208.507623 1.022133 
0.208194 72.238441 208.528828 1.022083 
0.208345 72.245855 208.562285 1.022222 
0.208347 72.241417 208.589007 1.022065 
0.208514 72.247098 208.613878 1.022261 
0.208185 72.239837 208.653646 1.022095 
0.208438 72.243099 208.679243 1.022056 
0.208371 72.239567 208.715101 1.022086 
0.208296 72.243188 208.748675 1.022155 
0.208326 72.246790 208.786167 1.022086 
0.208118 72.246974 208.813314 1.022042 
0.208333 72.245526 208.838746 1.022115 
0.208151 72.244513 208.871203 1.022253 
0.208256 72.243775 208.895505 1.022117 
0.208389 72.245220 208.917548 1.022111 
0.208077 72.243530 208.950832 1.022107 
0.208098 72.241035 208.967750 1.022192 
0.208254 72.239630 208.994757 1.022094 
0.207961 72.245571 209.031470 1.022092 
0.208071 72.240328 209.048186 1.022111 
0.207776 72.241744 209.078390 1.022271 
0.208005 72.247596 209.106924 1.022063 
0.207773 72.242943 209.131840 1.022233 
0.208080 72.243790 209.140926 1.022092 
0.207857 72.247653 209.167571 1.022068 
0.207917 72.249332 209.196893 1.022394 
0.207921 72.254559 209.221243 1.022152 
0.207692 72.257648 209.249172 1.022079 
0.208022 72.257631 209.276433 1.022240 
0.207828 72.255770 209.295859 1.022084 
0.207978 72.262897 209.319944 1.022028 
0.207488 72.259724 209.349323 1.022003 
0.207759 72.262797 209.367459 1.022130 
0.207794 72.265465 209.388342 1.022016 
0.207641 72.266348 209.409861 1.022131 
0.207703 72.278322 209.435886 1.022063 
0.207513 72.274988 209.454794 1.022136 
0.207412 72.284230 209.487644 1.021981 
0.207656 72.291037 209.506697 1.022186 
0.207380 72.283439 209.519801 1.022202 
0.207434 72.291114 209.547340 1.022332 
0.207247 72.294102 209.570047 1.022055 
0.207345 72.291322 209.590475 1.022090 
0.207240 72.296785 209.609315 1.022245 
0.207178 72.305407 209.630092 1.021937 
0.207077 72.301891 209.647877 1.022094 
0.206829 72.307172 209.673052 1.022047 
0.206891 72.300081 209.684667 1.022131 
0.206794 72.304719 209.703238 1.022087 
0.206710 72.310901 209.724748 1.021982 
0.206583 72.310031 209.746388 1.022153 
0.206600 72.304976 209.760185 1.022089 
0.206358 72.309266 209.782806 1.022208 
0.206319 72.314409 209.801218 1.022036 
0.206307 72.311667 209.819168 1.022162 
0.206246 72.313630 209.840292 1.022025 
0.205974 72.318369 209.861054 1.022136 
0.205902 72.320329 209.879712 1.022142 
0.206040 72.318663 209.907433 1.022013 
0.205852 72.316956 209.932399 1.022216 
0.205730 72.325289 209.953659 1.022043 
0.205838 72.321119 209.973327 1.022115 
0.205713 72.322249 210.001287 1.022190 
0.205760 72.324594 210.026134 1.022290 
0.205475 72.328970 210.053675 1.022313 
0.205529 72.327259 210.072744 1.022160 
0.205657 72.326207 210.095584 1.022237 
0.205540 72.327971 210.122897 1.022144 
0.205239 72.332727 210.145016 1.022166 
0.205457 72.331308 210.157871 1.022085 
0.205107 72.334853 210.189447 1.022107 
0.205323 72.338510 210.207955 1.022071 
0.204892 72.330423 210.228846 1.021990 
0.204785 72.341704 210.249844 1.022156 
0.204866 72.338676 210.272088 1.022050 
0.204916 72.342476 210.290206 1.022130 
0.205006 72.339255 210.309032 1.022205 
0.205357 72.339484 210.328631 1.022054 
0.204911 72.333690 210.358887 1.022013 
0.204931 72.345434 210.368168 1.021983 
0.205137 72.343831 210.387528 1.022188 
0.205006 72.344971 210.401654 1.022057 
0.204977 72.346689 210.422025 1.022069 
0.205100 72.349643 210.433673 1.022018 
0.204746 72.351181 210.450089 1.022140 
0.204807 72.354634 210.471497 1.022060 
0.204902 72.353152 210.471805 1.022094 
0.204959 72.355531 210.499784 1.022075 
0.205200 72.352087 210.513907 1.022150 
0.205133 72.355864 210.534382 1.022018 
0.205175 72.357236 210.545777 1.022108 
0.205252 72.353742 210.566547 1.021978 
0.205137 72.354298 210.586018 1.021931 
0.205246 72.361578 210.604028 1.021956 
0.205285 72.352490 210.631769 1.022106 
0.205274 72.348988 210.654305 1.021872 
0.205039 72.358749 210.664615 1.021964 
0.205358 72.359515 210.676026 1.022088 
0.205174 72.357093 210.698530 1.022016 
0.205374 72.357194 210.716644 1.022064 
0.205456 72.361299 210.726614 1.022154 
0.205394 72.362211 210.743356 1.022153 
0.205266 72.357389 210.760363 1.022186 
0.205036 72.360865 210.778098 1.022012 
0.205244 72.362795 210.788852 1.022043 
0.205292 72.362667 210.803001 1.022089 
0.205037 72.360200 210.821187 1.022132 
0.205024 72.366821 210.835240 1.022097 
0.204930 72.357902 210.854215 1.022144 
0.205062 72.354775 210.876291 1.022156 
0.204900 72.357223 210.899789 1.022101 
0.205040 72.360786 210.918449 1.022167 
0.204752 72.360027 210.943625 1.022032 
0.204780 72.354121 210.953358 1.022188 
0.204885 72.360262 210.982103 1.021977 
0.205066 72.356999 211.007056 1.022136 
0.204990 72.358613 211.027744 1.022101 
0.204865 72.356917 211.038335 1.022147 
0.204945 72.359763 211.064439 1.022036 
0.204920 72.361792 211.083858 1.022206 
0.204984 72.363543 211.103991 1.022286 
0.204773 72.362107 211.130960 1.022331 
0.205110 72.368028 211.153445 1.022109 
0.204923 72.363554 211.178902 1.022032 
0.205148 72.365190 211.190180 1.021992 
0.205159 72.364562 211.203362 1.022106 
0.205342 72.355738 211.227851 1.022054 
0.205350 72.355772 211.246421 1.022120 
0.205290 72.363021 211.267701 1.022050 
0.205298 72.372496 211.280281 1.022189 
0.205456 72.372318 211.296590 1.022113 
0.205557 72.367242 211.313099 1.022144 
0.205495 72.364518 211.332890 1.022177 
0.205639 72.368316 211.345488 1.022046 
0.205449 72.369966 211.361959 1.022133 
