0.162165 73.439185 168.781070 1.022108 
0.165437 73.469396 171.617960 1.022384 
0.165264 73.475458 171.628604 1.022465 
0.165373 73.479361 171.647244 1.022340 
0.165280 73.481833 171.664404 1.022373 
0.165369 73.477085 171.685215 1.022256 
0.164979 73.481068 171.701891 1.022137 
0.165114 73.475776 171.715260 1.022095 
0.164963 73.476810 171.725221 1.022251 
0.164888 73.475880 171.736939 1.022322 
0.164823 73.476236 171.764793 1.022229 
0.164879 73.483278 171.772658 1.022200 
0.164759 73.476745 171.793280 1.022293 
0.164670 73.479041 171.806605 1.022254 
0.164732 73.473915 171.821117 1.022340 
0.164615 73.468978 171.832609 1.022249 
0.164392 73.477551 171.845493 1.022040 
0.164390 73.475899 171.849202 1.022275 
0.164258 73.474594 171.863897 1.022130 
0.164560 73.472615 171.877040 1.022050 
0.164119 73.476652 171.888535 1.022293 
0.164173 73.472189 171.887133 1.022332 
0.164261 73.477880 171.902219 1.022307 
0.164225 73.480031 171.912386 1.022269 
0.163998 73.472480 171.920752 1.022240 
0.163762 73.472869 171.931169 1.022167 
0.163831 73.475435 171.949997 1.022364 
0.163807 73.476649 171.950306 1.022144 
0.163735 73.472328 171.966184 1.022252 
0.163557 73.479744 171.968731 1.022106 
0.163744 73.474287 171.981741 1.022323 
0.163402 73.473941 171.994413 1.022115 
0.163599 73.476103 172.003024 1.022230 
0.163723 73.472165 172.018181 1.022180 
0.163498 73.469539 172.029606 1.021998 
0.163575 73.479168 172.040859 1.022345 
0.163483 73.474244 172.047531 1.022362 
0.163223 73.480138 172.055403 1.022328 
0.163178 73.476635 172.067716 1.022388 
0.163511 73.471532 172.068880 1.022327 
0.163252 73.474023 172.082828 1.022332 
0.163224 73.474141 172.086259 1.022281 
0.163287 73.475468 172.082198 1.022276 
0.163218 73.478822 172.099542 1.022377 
0.162951 73.474846 172.105181 1.022607 
0.163155 73.475541 172.105889 1.022217 
0.163108 73.471698 172.111129 1.022388 
0.163302 73.472532 172.118694 1.022435 
0.163234 73.474846 172.133959 1.022237 
0.163304 73.470446 172.141979 1.022317 
0.163043 73.468488 172.151512 1.022320 
0.163625 73.473581 172.164191 1.022272 
0.163083 73.475489 172.165570 1.022204 
0.163534 73.479166 172.171935 1.022386 
0.163157 73.472027 172.178022 1.022214 
0.163291 73.477863 172.174231 1.022484 
0.163226 73.476748 172.201989 1.022335 
0.163142 73.477220 172.207285 1.022002 
0.163370 73.476821 172.214012 1.022224 
0.163280 73.476824 172.218266 1.022260 
0.163240 73.479214 172.225393 1.022113 
0.163216 73.482114 172.236067 1.022302 
0.163125 73.489508 172.248503 1.022257 
0.163245 73.497959 172.255800 1.022140 
0.162967 73.495923 172.262951 1.022202 
0.163238 73.492013 172.272500 1.022130 
0.162979 73.490286 172.277713 1.022147 
0.163046 73.499774 172.284073 1.022160 
0.162996 73.497505 172.293749 1.022057 
0.162771 73.504212 172.311965 1.022374 
0.162824 73.501476 172.322594 1.022341 
0.162916 73.513606 172.332915 1.022333 
0.162923 73.505851 172.345524 1.022360 
0.162952 73.507533 172.344403 1.022371 
0.163086 73.515534 172.365217 1.022155 
0.163303 73.515462 172.368402 1.022403 
0.163079 73.513603 172.383976 1.022296 
0.162945 73.516491 172.387980 1.022387 
0.163306 73.515605 172.391856 1.022198 
0.163196 73.522833 172.405647 1.022216 
0.163227 73.521279 172.409644 1.022246 
0.163081 73.519813 172.420776 1.022068 
0.163058 73.532214 172.439441 1.022230 
0.163185 73.531153 172.449535 1.022214 
0.163229 73.532240 172.452154 1.022210 
0.163284 73.533039 172.468189 1.022208 
0.163173 73.528318 172.472048 1.022168 
0.163141 73.534297 172.489514 1.022328 
0.163289 73.533567 172.495086 1.022245 
0.163140 73.533028 172.503673 1.022110 
0.163046 73.539545 172.519809 1.021956 
0.163205 73.545321 172.528745 1.022146 
0.163038 73.553276 172.539970 1.022111 
0.163200 73.547592 172.555581 1.022171 
0.163212 73.549176 172.566770 1.022017 
0.163220 73.556249 172.577335 1.022113 
0.163232 73.558763 172.588775 1.022133 
0.163194 73.562416 172.594534 1.022061 
0.163403 73.565631 172.611928 1.022073 
0.163182 73.559405 172.621079 1.022158 
0.163555 73.562712 172.632358 1.022079 
0.163262 73.557626 172.641983 1.022018 
0.163217 73.554994 172.651716 1.022116 
0.163699 73.554686 172.666035 1.022227 
0.163322 73.560986 172.667874 1.022227 
0.163392 73.558242 172.683246 1.022052 
0.163668 73.557165 172.681091 1.022039 
0.163664 73.555325 172.700768 1.022006 
0.163796 73.559936 172.709406 1.022138 
0.163681 73.554519 172.719613 1.021906 
0.163827 73.557629 172.729531 1.022034 
0.163790 73.551906 172.742372 1.022169 
0.163832 73.547480 172.749007 1.022156 
0.163722 73.548710 172.757919 1.022168 
0.164047 73.550117 172.753602 1.021934 
0.163782 73.548644 172.763074 1.022151 
0.163776 73.543454 172.769567 1.022170 
0.164106 73.547777 172.778780 1.022139 
0.164196 73.546415 172.779706 1.022152 
0.164106 73.537271 172.790443 1.022080 
0.164138 73.546681 172.795410 1.022051 
0.164314 73.546883 172.807810 1.021866 
0.164593 73.543463 172.815000 1.021952 
0.164503 73.542085 172.825099 1.021835 
0.164550 73.541961 172.830147 1.021983 
0.164584 73.545304 172.835240 1.021975 
0.164665 73.537654 172.850618 1.021955 
0.164645 73.546697 172.864101 1.021935 
0.164759 73.547289 172.870281 1.022098 
0.164772 73.544592 172.877428 1.021926 
0.165067 73.548993 172.892202 1.022020 
0.164855 73.554101 172.904616 1.022045 
0.164853 73.551529 172.914635 1.022118 
0.165281 73.555159 172.927276 1.022228 
0.165056 73.551722 172.941787 1.022219 
0.165359 73.556433 172.955527 1.022277 
0.165287 73.564236 172.966281 1.022083 
0.165114 73.562718 172.977469 1.022051 
0.165588 73.563184 173.003094 1.021943 
0.165262 73.559664 173.004979 1.022089 
0.165551 73.566835 173.025906 1.022087 
0.165643 73.569025 173.031392 1.022061 
0.165990 73.571047 173.047602 1.022038 
0.166022 73.573932 173.057140 1.022122 
0.166226 73.573310 173.066983 1.022145 
0.166292 73.583937 173.078880 1.022125 
0.166296 73.583478 173.083063 1.022092 
0.166503 73.584310 173.099582 1.022022 
0.166513 73.582976 173.104760 1.021977 
0.166744 73.583090 173.104953 1.021928 
0.166959 73.586638 173.107422 1.021992 
0.167042 73.586525 173.116033 1.022109 
0.166977 73.589503 173.120656 1.022205 
0.167156 73.593908 173.122331 1.022153 
0.167464 73.589663 173.126978 1.022013 
0.167497 73.594205 173.134177 1.022000 
0.167593 73.595647 173.137228 1.021917 
0.167390 73.591238 173.141698 1.021996 
0.167727 73.597228 173.143817 1.022126 
0.167643 73.588527 173.143462 1.022255 
0.167728 73.595671 173.146655 1.022178 
0.167743 73.594440 173.151919 1.022129 
0.167908 73.601121 173.156183 1.022190 
0.168044 73.591962 173.158586 1.022041 
0.168163 73.591365 173.164757 1.022121 
0.167999 73.598541 173.159514 1.022180 
0.168046 73.588947 173.177179 1.022114 
0.168002 73.590212 173.177094 1.022066 
0.168276 73.584754 173.177395 1.022114 
0.168230 73.589154 173.191002 1.021856 
0.168320 73.596225 173.204898 1.021984 
0.168381 73.589783 173.206232 1.022070 
0.168127 73.591817 173.210034 1.022174 
0.168245 73.585836 173.228170 1.022218 
0.168412 73.585149 173.227670 1.022146 
0.168085 73.584579 173.232368 1.021986 
0.168466 73.587824 173.238988 1.021952 
0.168274 73.584722 173.241213 1.022084 
0.168241 73.585855 173.250606 1.022082 
0.168251 73.590054 173.248888 1.021854 
0.168268 73.587956 173.257837 1.021941 
0.168015 73.585180 173.272682 1.022060 
0.168212 73.585652 173.270370 1.022159 
0.168124 73.580529 173.279929 1.022088 
0.167898 73.583205 173.293523 1.022308 
0.167941 73.588815 173.298645 1.022129 
0.167813 73.588436 173.308311 1.022128 
0.167745 73.579430 173.322371 1.022077 
0.167584 73.574266 173.330023 1.022234 
0.167590 73.579233 173.341627 1.021974 
0.167518 73.576626 173.351617 1.022308 
0.167540 73.572465 173.358811 1.022053 
0.167385 73.571682 173.377183 1.022033 
0.167255 73.572360 173.382887 1.022096 
0.167280 73.569516 173.392149 1.022104 
0.167307 73.572078 173.399054 1.022224 
0.167432 73.563315 173.402359 1.022160 
0.167415 73.566695 173.419263 1.021982 
0.167526 73.569723 173.425848 1.022071 
0.167378 73.567422 173.438397 1.022076 
