0.156157 69.348726 174.112308 1.022091 
0.210877 69.714944 204.242678 1.021893 
0.210858 69.728222 204.327204 1.021795 
0.211093 69.725750 204.401786 1.021910 
0.210876 69.720580 204.471222 1.021837 
0.211143 69.718413 204.543112 1.022085 
0.211120 69.724517 204.620374 1.022058 
0.211286 69.730361 204.694783 1.021924 
0.211223 69.732743 204.764583 1.021986 
0.211533 69.734897 204.835899 1.022073 
0.211441 69.739412 204.912182 1.021830 
0.211465 69.749220 204.981611 1.022062 
0.211560 69.749503 205.058613 1.022014 
0.211310 69.746378 205.124038 1.021969 
0.211497 69.747658 205.182698 1.021914 
0.211622 69.754911 205.261796 1.021964 
0.211602 69.755243 205.319535 1.022163 
0.211711 69.754779 205.384969 1.022038 
0.211611 69.761947 205.454880 1.022148 
0.211623 69.758950 205.517009 1.022060 
0.212036 69.765419 205.579018 1.022046 
0.211948 69.769520 205.648941 1.022020 
0.212037 69.767274 205.719010 1.022132 
0.212138 69.766981 205.783666 1.022292 
0.212232 69.763847 205.850351 1.022131 
0.212188 69.770137 205.925409 1.022148 
0.212105 69.766032 205.993078 1.022165 
0.212516 69.771925 206.057201 1.022030 
0.212359 69.770982 206.121556 1.022097 
0.212362 69.769640 206.193771 1.022111 
0.212348 69.779020 206.254990 1.022140 
0.212485 69.765997 206.318232 1.022009 
0.212528 69.774794 206.380268 1.022345 
0.212613 69.770654 206.441370 1.022223 
0.212500 69.776672 206.502881 1.022001 
0.212585 69.772522 206.554024 1.022110 
0.212364 69.777747 206.609072 1.022226 
0.212361 69.779165 206.672535 1.021976 
0.212261 69.776896 206.730823 1.022080 
0.212494 69.781035 206.783947 1.022265 
0.212528 69.777225 206.844315 1.022268 
0.212311 69.779313 206.898831 1.022206 
0.212337 69.781199 206.950068 1.022122 
0.212340 69.779428 207.011930 1.022296 
0.212357 69.778044 207.070609 1.022171 
0.212463 69.781873 207.123755 1.022052 
0.212543 69.783621 207.184352 1.021940 
0.212395 69.778834 207.246189 1.022136 
0.212256 69.779219 207.304375 1.022009 
0.212650 69.785702 207.355021 1.022018 
0.212439 69.782642 207.418019 1.022034 
0.212636 69.778809 207.475571 1.021935 
0.212669 69.774793 207.524362 1.022039 
0.212707 69.778664 207.579310 1.022134 
0.212396 69.770180 207.641906 1.022124 
0.212657 69.777444 207.693091 1.022170 
0.212682 69.774245 207.744953 1.022073 
0.212651 69.782649 207.799701 1.022227 
0.212994 69.774316 207.858030 1.021908 
0.212830 69.774464 207.899682 1.022212 
0.212636 69.769066 207.955946 1.022036 
0.212581 69.764295 208.011023 1.022296 
0.212857 69.771422 208.057241 1.022145 
0.212775 69.775012 208.106937 1.022241 
0.212787 69.777336 208.154796 1.022160 
0.212997 69.778147 208.207877 1.022109 
0.212864 69.773128 208.250207 1.021938 
0.212977 69.773760 208.299014 1.021951 
0.212896 69.770620 208.347534 1.022134 
0.213069 69.765192 208.386900 1.022163 
0.213235 69.768512 208.437258 1.022146 
0.213240 69.762712 208.482930 1.022174 
0.213250 69.771400 208.534938 1.022089 
0.213252 69.770727 208.575961 1.022079 
0.213178 69.769148 208.628833 1.022203 
0.213129 69.773624 208.676800 1.022238 
0.213311 69.771751 208.727437 1.022080 
0.213461 69.770867 208.775427 1.022116 
0.213363 69.774039 208.818004 1.022059 
0.213354 69.771311 208.870616 1.022192 
0.213595 69.777034 208.910323 1.021980 
0.213755 69.771574 208.967783 1.021937 
0.213823 69.769101 209.017173 1.021951 
0.213612 69.777234 209.060335 1.022140 
0.213820 69.776099 209.107634 1.021958 
0.213709 69.774261 209.171775 1.021770 
0.214061 69.778282 209.218242 1.022090 
0.213740 69.782234 209.261506 1.022056 
0.214052 69.785126 209.309178 1.021896 
0.213957 69.786635 209.355156 1.022120 
0.214007 69.787521 209.405273 1.022154 
0.213998 69.786826 209.452891 1.021915 
0.213962 69.796045 209.503805 1.022047 
0.214206 69.797377 209.545276 1.021953 
0.214063 69.798763 209.594215 1.022091 
0.214092 69.798712 209.628170 1.021968 
0.214046 69.796399 209.684381 1.021930 
0.214204 69.801572 209.724558 1.021997 
0.214064 69.806345 209.770679 1.022158 
0.214198 69.809516 209.828320 1.022141 
0.213821 69.808850 209.859815 1.022009 
0.214164 69.806607 209.903964 1.022030 
0.214200 69.804781 209.945143 1.022137 
0.214290 69.806182 209.991791 1.021954 
0.214111 69.806680 210.032623 1.021953 
0.214256 69.812414 210.078408 1.022145 
0.214256 69.821984 210.115471 1.022126 
0.214475 69.814271 210.151210 1.022197 
0.214371 69.805569 210.194023 1.022202 
0.214575 69.818676 210.226271 1.022074 
0.214568 69.820658 210.260897 1.022155 
0.214715 69.821003 210.295265 1.021954 
0.214462 69.823351 210.329644 1.022024 
0.214755 69.823143 210.372382 1.022076 
0.214834 69.817496 210.410934 1.021884 
0.214796 69.821474 210.439481 1.022152 
0.214779 69.824064 210.473613 1.022136 
0.215020 69.819259 210.513086 1.022145 
0.214880 69.819691 210.550811 1.021904 
0.215377 69.833806 210.587483 1.022096 
0.215009 69.831865 210.620731 1.022010 
0.215124 69.826156 210.655491 1.022002 
0.215248 69.833013 210.685331 1.021788 
0.215452 69.835598 210.714565 1.021960 
0.215265 69.830985 210.749751 1.022000 
0.215708 69.839357 210.796361 1.022024 
0.215507 69.838032 210.825357 1.022124 
0.215657 69.836024 210.857327 1.022161 
0.215596 69.833028 210.894964 1.022099 
0.216045 69.839382 210.935309 1.022084 
0.215917 69.843132 210.960628 1.022195 
0.215797 69.840547 211.000858 1.022104 
0.215979 69.842613 211.028249 1.021946 
0.216082 69.851676 211.054194 1.022094 
0.215983 69.851091 211.085691 1.021976 
0.216357 69.848483 211.127114 1.022072 
0.216282 69.849529 211.159027 1.022134 
0.216255 69.846398 211.192500 1.022059 
0.216269 69.852709 211.224338 1.021970 
0.216541 69.857755 211.261893 1.022010 
0.216551 69.862992 211.305002 1.021979 
0.216770 69.859860 211.350188 1.021940 
0.216868 69.855014 211.386726 1.021899 
0.216994 69.862394 211.421540 1.021945 
0.216998 69.863972 211.459959 1.022052 
0.216953 69.866899 211.491088 1.022078 
0.217260 69.870453 211.534948 1.022003 
0.217279 69.873015 211.577737 1.022193 
0.217304 69.872191 211.612602 1.022285 
0.217273 69.872433 211.660561 1.022124 
0.217525 69.880724 211.691446 1.022011 
0.217360 69.881939 211.734587 1.021969 
0.217477 69.888452 211.766696 1.021964 
0.217838 69.885117 211.798011 1.021919 
0.217510 69.889501 211.836590 1.021986 
0.217522 69.891039 211.885610 1.021992 
0.217676 69.887946 211.912116 1.021958 
0.217629 69.892820 211.949982 1.022010 
0.217811 69.890760 211.981342 1.021911 
0.217777 69.898389 212.018663 1.021886 
0.217577 69.901930 212.047003 1.021866 
0.217880 69.905537 212.085307 1.021950 
0.217619 69.898853 212.117834 1.021988 
0.217619 69.911795 212.150939 1.021957 
0.217586 69.910343 212.170164 1.022081 
0.217500 69.917456 212.199918 1.022056 
0.217459 69.924570 212.232302 1.021991 
0.217491 69.917327 212.266955 1.022063 
0.217417 69.925121 212.289437 1.022119 
0.217632 69.928091 212.323215 1.022153 
0.217390 69.928853 212.355432 1.021934 
0.217416 69.935365 212.382557 1.022027 
0.217649 69.932016 212.418045 1.022183 
0.217602 69.937306 212.437771 1.022151 
0.217510 69.943721 212.467048 1.022068 
0.217376 69.945491 212.497279 1.021954 
0.217776 69.943609 212.519091 1.021945 
0.217636 69.947810 212.551658 1.022088 
0.217488 69.955822 212.579029 1.022089 
0.217730 69.957326 212.603149 1.021943 
0.217577 69.960296 212.634765 1.021904 
0.217754 69.960293 212.662434 1.022058 
0.217790 69.963472 212.681517 1.021904 
0.217644 69.957725 212.702943 1.021887 
0.217779 69.967687 212.728944 1.022058 
0.217870 69.971105 212.747910 1.022202 
0.217707 69.974013 212.773981 1.022059 
0.217748 69.969888 212.802202 1.022184 
0.217763 69.965997 212.825776 1.021974 
0.217853 69.972313 212.843764 1.022111 
0.217777 69.973450 212.869871 1.022076 
0.217918 69.969089 212.895941 1.022042 
0.217808 69.974442 212.928040 1.022047 
0.217826 69.978862 212.944135 1.022206 
0.217694 69.971241 212.978024 1.022114 
0.218132 69.978367 213.002764 1.022063 
0.217923 69.980986 213.030025 1.022130 
0.218066 69.979651 213.048020 1.021879 
0.217848 69.973898 213.074259 1.022019 
0.218108 69.980011 213.094811 1.021975 
