0.205568 72.374516 211.386605 1.022319 
0.106469 73.082161 134.063035 1.022063 
0.106424 73.082999 134.043768 1.022118 
0.106354 73.086855 134.021767 1.022103 
0.106625 73.092269 133.984017 1.022087 
0.106600 73.090817 133.966334 1.022055 
0.106458 73.097734 133.939941 1.022129 
0.106219 73.095438 133.915240 1.022020 
0.106425 73.102763 133.886687 1.022165 
0.106587 73.101787 133.863768 1.022059 
0.106577 73.104579 133.834906 1.021848 
0.106527 73.105174 133.817187 1.022001 
0.106431 73.097526 133.796783 1.021944 
0.106292 73.105701 133.760037 1.022081 
0.106448 73.115074 133.736852 1.022115 
0.106174 73.124141 133.718459 1.022099 
0.106482 73.120174 133.687340 1.022135 
0.106219 73.117198 133.669274 1.022187 
0.106252 73.120457 133.635283 1.022108 
0.106287 73.128993 133.614847 1.022159 
0.105987 73.125756 133.585083 1.022098 
0.106104 73.135731 133.562197 1.021988 
0.106017 73.133768 133.536366 1.021990 
0.105953 73.125931 133.500702 1.021896 
0.105838 73.139504 133.486143 1.021944 
0.105993 73.132898 133.448862 1.022019 
0.106067 73.142447 133.420926 1.022155 
0.106246 73.140612 133.394402 1.022184 
0.106056 73.146163 133.376101 1.022092 
0.106099 73.142190 133.349500 1.021977 
0.106073 73.143839 133.317158 1.022074 
0.105830 73.140118 133.294039 1.021989 
0.106200 73.142550 133.263673 1.022020 
0.106131 73.142082 133.246097 1.022116 
0.106158 73.149081 133.220726 1.022196 
0.106173 73.145191 133.194072 1.022050 
0.106059 73.144032 133.175348 1.022035 
0.106274 73.150008 133.150063 1.021994 
0.106260 73.141547 133.123920 1.021985 
0.106276 73.144294 133.101943 1.021891 
0.106280 73.149356 133.070468 1.022098 
0.106339 73.155852 133.051880 1.022103 
0.106256 73.161675 133.030690 1.022011 
0.106260 73.147492 133.002434 1.022152 
0.106345 73.151529 132.979130 1.022178 
0.106277 73.156581 132.958035 1.022037 
0.106430 73.159582 132.925369 1.022106 
0.106366 73.164497 132.901437 1.022067 
0.106410 73.163491 132.888804 1.022046 
0.106336 73.167223 132.867128 1.022214 
0.106231 73.172258 132.850423 1.022140 
0.106352 73.175940 132.823740 1.022219 
0.106288 73.180723 132.807854 1.022193 
0.106336 73.172646 132.796859 1.022068 
0.106161 73.177177 132.778967 1.022032 
0.106211 73.177747 132.755552 1.022004 
0.106230 73.181088 132.745777 1.022080 
0.106021 73.182121 132.732878 1.021855 
0.106245 73.179838 132.708961 1.022021 
0.106050 73.177824 132.695830 1.021913 
0.106293 73.176678 132.680958 1.021872 
0.106013 73.173112 132.659985 1.022174 
0.106347 73.179861 132.639056 1.022109 
0.106121 73.178096 132.626406 1.022071 
0.105963 73.180496 132.604369 1.022051 
0.106199 73.177239 132.584673 1.022108 
0.106018 73.184195 132.564233 1.022166 
0.106230 73.188117 132.540023 1.022108 
0.106188 73.181463 132.525713 1.022171 
0.106193 73.184229 132.505678 1.022193 
0.106308 73.184875 132.482183 1.022261 
0.106269 73.189441 132.467063 1.022093 
0.106278 73.186266 132.447470 1.022296 
0.106260 73.179656 132.420851 1.022129 
0.106418 73.185387 132.405262 1.022005 
0.106339 73.183964 132.389899 1.021921 
0.106240 73.180709 132.365176 1.021968 
0.106475 73.187677 132.347286 1.022070 
0.106119 73.175256 132.324365 1.022071 
0.106476 73.182812 132.303194 1.022187 
0.106165 73.181075 132.282580 1.022194 
0.106321 73.183045 132.267373 1.022251 
0.106578 73.179062 132.246626 1.022204 
0.106418 73.172108 132.235952 1.022208 
0.106433 73.178896 132.211199 1.021889 
0.106591 73.175968 132.203479 1.022020 
0.106571 73.173416 132.183882 1.022053 
0.106490 73.163954 132.166315 1.022026 
0.106448 73.168290 132.139830 1.022039 
0.106623 73.166032 132.121410 1.022198 
0.106481 73.164335 132.109754 1.022022 
0.106626 73.164842 132.096149 1.022004 
0.106805 73.170894 132.080802 1.021936 
0.106808 73.158336 132.058731 1.022041 
0.106514 73.161940 132.033852 1.022091 
0.106844 73.159375 132.019241 1.022146 
0.106899 73.163002 132.001803 1.022202 
0.106722 73.163497 131.981896 1.022042 
0.106651 73.160313 131.966336 1.021940 
0.106938 73.165140 131.954333 1.021978 
0.106791 73.162662 131.933073 1.021958 
0.106734 73.162903 131.920163 1.022057 
0.107022 73.166991 131.905211 1.021998 
0.106835 73.159499 131.883909 1.021915 
0.106839 73.175716 131.869404 1.022036 
0.106947 73.173000 131.857366 1.021899 
0.106952 73.169085 131.841895 1.022017 
0.106958 73.177453 131.813240 1.021904 
0.106944 73.184039 131.801942 1.022046 
0.107055 73.182332 131.779765 1.022080 
0.106963 73.185296 131.771930 1.022117 
0.107170 73.181157 131.756115 1.022155 
0.107193 73.190614 131.740208 1.021945 
0.107264 73.187370 131.722670 1.022088 
0.107272 73.193200 131.700131 1.022184 
0.107295 73.189306 131.682565 1.022082 
0.107605 73.194681 131.674820 1.022120 
0.107452 73.186812 131.652619 1.021983 
0.107505 73.193625 131.643540 1.021931 
0.107421 73.195928 131.627977 1.021943 
0.107731 73.194447 131.615504 1.021897 
0.107681 73.200089 131.605209 1.022026 
0.107741 73.201409 131.595964 1.022039 
0.107635 73.191518 131.584049 1.021788 
0.107829 73.202762 131.575563 1.022041 
0.107834 73.210060 131.565733 1.021932 
0.107902 73.209700 131.554449 1.022099 
0.108065 73.203548 131.539291 1.022215 
0.107986 73.204071 131.530337 1.022068 
0.107915 73.205410 131.509279 1.022099 
0.107982 73.208970 131.500448 1.021859 
0.107964 73.209926 131.487379 1.021946 
0.108203 73.208875 131.471350 1.021919 
0.107952 73.208158 131.461349 1.021985 
0.107946 73.207560 131.438270 1.021996 
0.108184 73.210577 131.422517 1.022073 
0.108013 73.211550 131.410755 1.021938 
0.108006 73.211484 131.390090 1.021978 
0.108197 73.206907 131.374749 1.022248 
0.107871 73.212337 131.359130 1.022112 
0.108056 73.208696 131.339571 1.022128 
0.107927 73.208364 131.330397 1.022050 
0.107811 73.210663 131.310891 1.022060 
0.107943 73.205074 131.288797 1.022059 
0.107758 73.211007 131.270693 1.022130 
0.107822 73.203813 131.253545 1.022100 
0.107653 73.209675 131.239657 1.022153 
0.107858 73.215020 131.236407 1.022136 
0.107864 73.217292 131.215636 1.021996 
0.107801 73.206954 131.192187 1.022175 
0.107790 73.214059 131.177816 1.022217 
0.107880 73.209066 131.169079 1.022379 
0.107725 73.212004 131.152327 1.022183 
0.107788 73.206259 131.134502 1.022146 
0.107822 73.212533 131.128605 1.022162 
0.107736 73.203792 131.104136 1.022103 
0.107768 73.203818 131.091662 1.022193 
0.107882 73.210734 131.081892 1.022069 
0.107725 73.213481 131.063988 1.021999 
0.107737 73.209429 131.048100 1.022141 
0.107660 73.214961 131.037624 1.022253 
0.108089 73.210806 131.023201 1.022160 
0.107789 73.207325 131.002315 1.022278 
0.107838 73.206445 130.989893 1.021974 
0.107612 73.208302 130.979330 1.022162 
0.107704 73.203136 130.963410 1.022118 
0.107650 73.208884 130.947643 1.022108 
0.107671 73.204472 130.930591 1.022033 
0.107575 73.202879 130.908337 1.022075 
0.107528 73.197809 130.898862 1.022080 
0.107539 73.203476 130.891737 1.022121 
0.107777 73.205166 130.869422 1.021941 
0.107570 73.201464 130.858226 1.021986 
0.107543 73.200173 130.843069 1.021950 
0.107505 73.196640 130.833213 1.021968 
0.107637 73.193395 130.819398 1.021784 
0.107887 73.200104 130.806733 1.021859 
0.107559 73.197640 130.797794 1.022007 
0.107398 73.192907 130.779310 1.022156 
0.107594 73.202232 130.770206 1.022146 
0.107510 73.197697 130.754064 1.021948 
0.107661 73.206276 130.742612 1.022119 
0.107613 73.203651 130.731666 1.021975 
0.107530 73.200775 130.720872 1.021919 
0.107825 73.199621 130.705724 1.022024 
0.107583 73.206917 130.694097 1.021908 
0.107526 73.210206 130.680806 1.021981 
0.107474 73.206241 130.675189 1.022051 
0.107657 73.197846 130.657175 1.021942 
0.107746 73.204150 130.646091 1.021946 
0.107602 73.202001 130.642111 1.021978 
0.107536 73.201484 130.629717 1.022090 
0.107586 73.205218 130.622546 1.021987 
0.107445 73.205325 130.614876 1.022013 
0.107519 73.208012 130.607127 1.021998 
0.107576 73.209054 130.599455 1.022026 
0.107516 73.213078 130.601027 1.022042 
0.107698 73.214745 130.592983 1.022149 
0.107503 73.212337 130.592887 1.022140 
0.107606 73.210778 130.583038 1.022078 
