0.118536 71.270067 143.019062 1.022078 
0.166134 71.673920 170.147707 1.022124 
0.166191 71.670339 170.176433 1.021964 
0.166050 71.673269 170.204496 1.022144 
0.166370 71.663026 170.241300 1.021986 
0.166132 71.670071 170.271963 1.021998 
0.166288 71.672048 170.298529 1.021974 
0.166459 71.673316 170.345496 1.021923 
0.166515 71.674741 170.380295 1.022048 
0.166420 71.670644 170.408724 1.021947 
0.166880 71.668720 170.437785 1.022089 
0.166758 71.673637 170.481710 1.022062 
0.166720 71.673276 170.509826 1.021884 
0.166731 71.674324 170.544500 1.022075 
0.167043 71.681673 170.575967 1.022050 
0.167024 71.675251 170.607621 1.022169 
0.167005 71.675485 170.635370 1.021973 
0.166967 71.673940 170.671890 1.022091 
0.167277 71.669393 170.707400 1.022047 
0.167150 71.679558 170.728982 1.022099 
0.167501 71.668703 170.767842 1.021988 
0.167500 71.679050 170.801999 1.022096 
0.167416 71.677345 170.840352 1.022001 
0.167539 71.673563 170.858994 1.021985 
0.167828 71.681062 170.890166 1.022110 
0.167697 71.685308 170.926113 1.022059 
0.167769 71.684785 170.945303 1.022006 
0.167886 71.680438 170.980047 1.022046 
0.167822 71.686239 171.002716 1.022260 
0.168030 71.682606 171.032621 1.021975 
0.167890 71.683881 171.066505 1.022080 
0.168050 71.685557 171.097377 1.022102 
0.168199 71.687750 171.128368 1.022115 
0.168433 71.676607 171.152890 1.022008 
0.168312 71.680978 171.181298 1.021924 
0.168445 71.684188 171.216605 1.022123 
0.168650 71.690729 171.242236 1.022020 
0.168175 71.681397 171.275099 1.022144 
0.168611 71.679354 171.302767 1.022040 
0.168561 71.682083 171.329751 1.022046 
0.168331 71.675558 171.353154 1.022188 
0.168481 71.678366 171.379314 1.022221 
0.168372 71.678472 171.409743 1.022056 
0.168250 71.670310 171.440871 1.022198 
0.168352 71.672571 171.465701 1.022195 
0.168531 71.676022 171.502360 1.022052 
0.168241 71.671805 171.527514 1.022224 
0.168459 71.672166 171.553316 1.022078 
0.168224 71.671872 171.586725 1.022023 
0.168298 71.674858 171.611289 1.022067 
0.168343 71.672601 171.644232 1.022057 
0.168357 71.672201 171.674357 1.022171 
0.168070 71.674912 171.698987 1.021759 
0.168409 71.666194 171.721320 1.021761 
0.168488 71.678781 171.749578 1.022023 
0.168026 71.674324 171.763502 1.022012 
0.168188 71.678381 171.794080 1.021964 
0.168149 71.677586 171.824506 1.022075 
0.168102 71.675883 171.845279 1.022186 
0.168016 71.684022 171.869512 1.022033 
0.168109 71.680934 171.894744 1.022083 
0.168331 71.675269 171.920209 1.022037 
0.168068 71.676067 171.948330 1.022213 
0.167993 71.682753 171.966490 1.022112 
0.167912 71.677941 171.989572 1.022213 
0.167998 71.683825 172.021886 1.022029 
0.168007 71.685791 172.040631 1.022122 
0.168126 71.677514 172.060051 1.022151 
0.168057 71.679429 172.080513 1.022164 
0.168181 71.686056 172.113551 1.022061 
0.168090 71.683847 172.132264 1.022230 
0.168081 71.681359 172.150210 1.022010 
0.168191 71.686017 172.178726 1.022245 
0.167956 71.685406 172.199228 1.022206 
0.167913 71.682675 172.216363 1.022319 
0.167811 71.688246 172.241560 1.022212 
0.168050 71.697485 172.259092 1.022190 
0.167871 71.692038 172.276543 1.022072 
0.167828 71.691153 172.302826 1.022196 
0.168068 71.696496 172.326105 1.022235 
0.167671 71.687917 172.346919 1.022180 
0.167950 71.691263 172.367351 1.022285 
0.167838 71.685810 172.392671 1.022245 
0.167868 71.693975 172.404763 1.022188 
0.167844 71.694625 172.423797 1.022263 
0.167891 71.690287 172.454613 1.022129 
0.167692 71.694525 172.465750 1.022328 
0.167950 71.695975 172.489115 1.022223 
0.167935 71.687282 172.497754 1.022211 
0.167844 71.689542 172.517363 1.022256 
0.167660 71.687970 172.551420 1.022401 
0.167808 71.691472 172.566591 1.022192 
0.167478 71.688392 172.588523 1.022291 
0.167807 71.691416 172.608660 1.022352 
0.167520 71.689611 172.629212 1.022271 
0.167645 71.689722 172.648604 1.022181 
0.167721 71.687751 172.670693 1.022112 
0.167390 71.687953 172.689403 1.022228 
0.167310 71.688354 172.716537 1.022190 
0.167226 71.687398 172.725740 1.022247 
0.167309 71.683079 172.759029 1.022265 
0.167321 71.692663 172.781877 1.022154 
0.167078 71.693671 172.797615 1.022217 
0.167003 71.687522 172.814316 1.022013 
0.166586 71.694051 172.837031 1.022170 
0.167028 71.689559 172.854523 1.022259 
0.166953 71.694760 172.866244 1.022178 
0.166986 71.700545 172.886928 1.022027 
0.166744 71.700184 172.908182 1.022094 
0.166750 71.693431 172.928156 1.022190 
0.166704 71.695740 172.947981 1.022176 
0.166593 71.699579 172.961763 1.022287 
0.166620 71.703954 172.991044 1.022164 
0.166570 71.702023 172.999815 1.022155 
0.166570 71.704127 173.025288 1.022221 
0.166370 71.706651 173.037962 1.021947 
0.166487 71.711270 173.067256 1.022237 
0.166350 71.703898 173.082737 1.022047 
0.166259 71.712874 173.103815 1.022103 
0.166189 71.712072 173.124928 1.022209 
0.166303 71.716330 173.142618 1.022187 
0.166350 71.711682 173.156258 1.022105 
0.166179 71.716171 173.188864 1.022082 
0.166069 71.724872 173.199455 1.022044 
0.166104 71.725827 173.219903 1.022131 
0.166194 71.730939 173.242761 1.022138 
0.166279 71.730667 173.259171 1.021868 
0.166068 71.730840 173.272741 1.022047 
0.166211 71.730398 173.292001 1.021978 
0.166047 71.736002 173.313579 1.021840 
0.166359 71.731444 173.320874 1.022070 
0.166209 71.725869 173.340221 1.022087 
0.166235 71.734865 173.345686 1.022122 
0.165831 71.738507 173.366842 1.022383 
0.166085 71.733883 173.373929 1.022025 
0.165767 71.735146 173.388437 1.022127 
0.165921 71.738365 173.402084 1.022122 
0.165647 71.738033 173.419126 1.022160 
0.165813 71.743116 173.433115 1.022096 
0.166074 71.736195 173.446712 1.022138 
0.165827 71.738248 173.453910 1.022140 
0.165621 71.741445 173.479095 1.022011 
0.165803 71.746338 173.489558 1.021993 
0.165721 71.748108 173.496867 1.022030 
0.165717 71.749218 173.521359 1.022177 
0.165749 71.739223 173.531939 1.022052 
0.165769 71.750836 173.540210 1.022149 
0.165832 71.751600 173.561509 1.022078 
0.165718 71.750608 173.573726 1.022323 
0.165730 71.744718 173.585574 1.022269 
0.166016 71.745457 173.603076 1.022164 
0.165805 71.740745 173.609851 1.022089 
0.165911 71.745408 173.628768 1.022126 
0.166220 71.749054 173.641605 1.021960 
0.166150 71.754312 173.651552 1.022078 
0.166434 71.756997 173.668124 1.022068 
0.166018 71.751407 173.682622 1.022273 
0.165958 71.758817 173.696777 1.022040 
0.166229 71.750755 173.705667 1.022110 
0.166056 71.756889 173.723631 1.022115 
0.166089 71.747044 173.726127 1.021925 
0.166138 71.751880 173.741847 1.022037 
0.166094 71.742329 173.756170 1.022118 
0.166240 71.749233 173.767275 1.022113 
0.166276 71.750014 173.792108 1.022091 
0.166169 71.753086 173.796930 1.022240 
0.166046 71.750021 173.799721 1.022136 
0.165875 71.738949 173.818809 1.022152 
0.166156 71.749864 173.814955 1.022147 
0.165965 71.748131 173.835928 1.022325 
0.165989 71.743753 173.844281 1.022169 
0.165977 71.743956 173.862900 1.022067 
0.165887 71.748930 173.873614 1.021949 
0.165852 71.741906 173.877123 1.022211 
0.165987 71.733412 173.893384 1.022228 
0.165973 71.744204 173.907485 1.022136 
0.166056 71.742421 173.922110 1.022174 
0.165952 71.742211 173.938143 1.022157 
0.166037 71.738192 173.947211 1.022269 
0.166042 71.748907 173.954656 1.022033 
0.165934 71.750693 173.977187 1.022299 
0.166066 71.747705 173.987785 1.022145 
0.166202 71.745059 174.005955 1.022261 
0.166217 71.753159 174.022079 1.022122 
0.166357 71.749125 174.038914 1.022214 
0.166348 71.748179 174.053289 1.022164 
0.166154 71.745707 174.067524 1.021973 
0.166138 71.740465 174.077709 1.021975 
0.166340 71.750810 174.087080 1.022059 
0.166485 71.751221 174.111892 1.022065 
0.166615 71.743822 174.120025 1.021892 
0.166332 71.751269 174.139049 1.022081 
0.166390 71.753371 174.152421 1.021975 
0.166405 71.758133 174.165422 1.022090 
0.166339 71.748751 174.183898 1.021995 
0.166427 71.754781 174.194038 1.022012 
0.166565 71.758035 174.203624 1.021894 
0.166390 71.751354 174.213997 1.021956 
0.166306 71.754798 174.233761 1.021991 
0.166575 71.754292 174.241805 1.021969 
