0.115048 67.569735 129.552044 1.022120 
0.115241 67.566188 129.544404 1.021935 
0.115278 67.567518 129.548886 1.021914 
0.115068 67.576554 129.552703 1.021973 
0.115276 67.576245 129.557250 1.021932 
0.115256 67.574752 129.556547 1.021791 
0.115256 67.571103 129.557126 1.021881 
0.115283 67.572906 129.558460 1.021956 
0.114982 67.576359 129.557871 1.021899 
0.115068 67.574110 129.563587 1.022041 
0.114909 67.574236 129.555932 1.022034 
0.115057 67.578329 129.554909 1.021972 
0.114981 67.579543 129.548414 1.022217 
0.114941 67.580457 129.549762 1.022026 
0.114987 67.578087 129.545201 1.021958 
0.114911 67.584056 129.549821 1.022068 
0.114625 67.586963 129.545203 1.022028 
0.114845 67.584632 129.536527 1.021978 
0.114806 67.579704 129.529976 1.022126 
0.114563 67.588436 129.538009 1.021922 
0.114821 67.592644 129.520148 1.021886 
0.114851 67.591110 129.521287 1.021957 
0.114660 67.589196 129.520338 1.022035 
0.114686 67.591595 129.511476 1.022126 
0.114778 67.588702 129.519134 1.022016 
0.114605 67.592222 129.523716 1.022109 
0.115042 67.585243 129.525248 1.022254 
0.114665 67.590467 129.522060 1.022095 
0.114627 67.586297 129.522153 1.021900 
0.114760 67.586008 129.522769 1.021896 
0.114551 67.595330 129.520018 1.021972 
0.114603 67.596398 129.519884 1.021963 
0.114652 67.592457 129.515616 1.022178 
0.114355 67.591686 129.522616 1.022081 
0.114487 67.599490 129.525969 1.022095 
0.114454 67.595680 129.532687 1.022229 
0.114543 67.595895 129.531969 1.022024 
0.114471 67.596219 129.540102 1.022014 
0.114264 67.598630 129.545434 1.022076 
0.114232 67.595136 129.558785 1.022052 
0.114455 67.595853 129.562510 1.022073 
0.114304 67.594912 129.565898 1.022013 
0.114409 67.602323 129.571047 1.021872 
0.114196 67.599161 129.574869 1.021918 
0.114236 67.600052 129.579774 1.022023 
0.114253 67.601792 129.584049 1.021849 
0.114400 67.606231 129.590672 1.021927 
0.114324 67.606142 129.603764 1.021899 
0.114327 67.606730 129.610023 1.021898 
0.114339 67.609263 129.621301 1.021800 
0.114440 67.605099 129.627596 1.021973 
0.114555 67.610342 129.643405 1.022028 
0.114563 67.602758 129.648424 1.022019 
0.114668 67.607783 129.652084 1.022096 
0.114403 67.598678 129.656444 1.022008 
0.114542 67.601653 129.669491 1.021969 
0.114711 67.600593 129.673854 1.022048 
0.114654 67.596781 129.687278 1.022063 
0.114934 67.600157 129.683750 1.022106 
0.114959 67.594607 129.693714 1.022159 
0.114950 67.599979 129.699624 1.021910 
0.115100 67.604143 129.706322 1.022060 
0.115220 67.591989 129.708713 1.022225 
0.115457 67.591068 129.708774 1.022158 
0.115232 67.593714 129.720917 1.022187 
0.115485 67.596297 129.719878 1.021890 
0.115515 67.586970 129.734148 1.022101 
0.115657 67.588484 129.734741 1.022147 
0.115730 67.585274 129.741310 1.022083 
0.115757 67.586551 129.738612 1.022074 
0.115846 67.591677 129.745715 1.022025 
0.116042 67.583883 129.750918 1.022002 
0.116129 67.581865 129.753589 1.022053 
0.116243 67.574631 129.759635 1.022084 
0.116058 67.576146 129.751339 1.022000 
0.116461 67.577872 129.757800 1.022114 
0.116244 67.575220 129.754494 1.021952 
0.116404 67.580095 129.752191 1.021944 
0.116626 67.571424 129.753207 1.022106 
0.116588 67.572067 129.754771 1.021884 
0.116724 67.572092 129.750534 1.022078 
0.116576 67.565483 129.756003 1.022096 
0.116838 67.582275 129.759542 1.022081 
0.116943 67.571942 129.754038 1.021926 
0.116960 67.574081 129.753800 1.022115 
0.117159 67.566079 129.760456 1.021992 
0.117012 67.574676 129.759193 1.021966 
0.116947 67.571800 129.755814 1.021904 
0.117109 67.563741 129.761559 1.021933 
0.116933 67.559635 129.757093 1.022041 
0.117200 67.561006 129.766487 1.022154 
0.117217 67.562764 129.764933 1.022040 
0.117218 67.565322 129.774798 1.022072 
0.117121 67.561896 129.772741 1.021901 
0.117195 67.553725 129.761895 1.021944 
0.117309 67.560705 129.773388 1.022042 
0.117297 67.558187 129.776162 1.021996 
0.117561 67.554579 129.774797 1.021901 
0.117383 67.555352 129.774147 1.021948 
0.117284 67.562947 129.785526 1.021928 
0.117650 67.559795 129.779974 1.021882 
0.117565 67.559423 129.776471 1.022114 
0.117610 67.560499 129.780513 1.022027 
0.117690 67.556154 129.782063 1.021904 
0.117666 67.557838 129.779182 1.021928 
0.117990 67.569392 129.782936 1.022020 
0.118063 67.575455 129.782664 1.021959 
0.118040 67.567086 129.775723 1.022078 
0.118086 67.568200 129.778147 1.021945 
0.118010 67.568976 129.768466 1.021971 
0.118304 67.570856 129.769143 1.021983 
0.118178 67.568891 129.768764 1.022026 
0.118518 67.566542 129.764147 1.021891 
0.118321 67.575759 129.768663 1.021904 
0.118623 67.565444 129.753088 1.022025 
0.118499 67.565033 129.751029 1.022073 
0.118293 67.572466 129.758192 1.022107 
0.118386 67.578879 129.757609 1.021993 
0.118676 67.582826 129.748029 1.022060 
0.118571 67.573954 129.757460 1.021842 
0.118533 67.577709 129.759664 1.021947 
0.118642 67.579430 129.760309 1.021949 
0.118726 67.575634 129.762336 1.022031 
0.118521 67.582445 129.755579 1.022163 
0.118649 67.575016 129.764540 1.021950 
0.118487 67.578108 129.775520 1.021913 
0.118687 67.579824 129.771219 1.022115 
0.118444 67.582285 129.783742 1.021974 
0.118726 67.592638 129.776331 1.022079 
0.118565 67.583087 129.781088 1.021990 
0.118566 67.581045 129.787034 1.021928 
0.118575 67.579391 129.791633 1.022259 
0.118629 67.587535 129.784685 1.022012 
0.118429 67.593929 129.786806 1.021920 
0.118447 67.593066 129.788779 1.022127 
0.118476 67.586892 129.787462 1.021983 
0.118389 67.583317 129.785583 1.022033 
0.118447 67.596687 129.793285 1.022122 
0.118366 67.591569 129.780010 1.022082 
0.118317 67.584140 129.775805 1.021918 
0.118501 67.588620 129.764063 1.021839 
0.118342 67.592811 129.763618 1.021904 
0.118299 67.594068 129.741739 1.021833 
0.118330 67.600419 129.744357 1.021951 
0.118045 67.587520 129.744102 1.021864 
0.118126 67.591266 129.729529 1.021952 
0.118211 67.597005 129.726298 1.022015 
0.117938 67.592574 129.721721 1.021787 
0.117953 67.593199 129.716347 1.022011 
0.117992 67.593836 129.716250 1.022011 
0.118032 67.592538 129.705602 1.022135 
0.117955 67.591789 129.700973 1.021998 
0.118026 67.592308 129.699012 1.022151 
0.117794 67.591359 129.695904 1.022100 
0.117854 67.584156 129.698144 1.021944 
0.117560 67.586058 129.687931 1.022102 
0.117573 67.583801 129.685126 1.022057 
0.117765 67.592171 129.685884 1.021932 
0.117741 67.593684 129.677617 1.021852 
0.117755 67.595665 129.682394 1.022116 
0.117721 67.589791 129.668725 1.021906 
0.117968 67.593466 129.671087 1.022024 
0.118015 67.597974 129.672458 1.022058 
0.117720 67.601889 129.663943 1.022091 
0.117887 67.595378 129.655569 1.021970 
0.117909 67.596245 129.661377 1.021943 
0.117968 67.606554 129.657095 1.021981 
0.118006 67.603655 129.661001 1.021994 
0.118209 67.610133 129.655745 1.021964 
0.117991 67.603599 129.655903 1.021876 
0.118228 67.606902 129.663747 1.021831 
0.118216 67.609993 129.660460 1.021739 
0.118219 67.609585 129.660154 1.022086 
0.118185 67.611695 129.655211 1.022108 
0.118458 67.616964 129.653159 1.022002 
0.118141 67.614248 129.653856 1.022103 
0.118136 67.616959 129.658373 1.022033 
0.118188 67.622480 129.657740 1.022150 
0.118186 67.627412 129.651856 1.022022 
0.118042 67.623004 129.652267 1.022097 
0.118076 67.623667 129.642739 1.022057 
0.118219 67.631768 129.648651 1.022007 
0.118028 67.626482 129.651469 1.022051 
0.117959 67.626549 129.644969 1.022042 
0.118041 67.622707 129.640463 1.022060 
0.118015 67.628934 129.636467 1.022043 
0.118032 67.630430 129.635381 1.022139 
0.117979 67.638475 129.634940 1.022181 
0.117935 67.635749 129.629727 1.022160 
0.117913 67.628920 129.627687 1.022044 
0.117853 67.634073 129.626296 1.021910 
0.118094 67.628090 129.618516 1.022088 
0.118003 67.635203 129.613474 1.022074 
0.117771 67.635447 129.607843 1.022052 
0.118063 67.635150 129.611092 1.021921 
0.118186 67.634424 129.609694 1.022039 
0.118219 67.643522 129.605837 1.021976 
0.118041 67.638617 129.619139 1.022027 
0.118142 67.633100 129.606755 1.021976 
0.118267 67.640394 129.604675 1.021944 
